   DEPT        IK            RR        DS            RS        SP
   1624.37     244.897       1.978     205.907       8.141     -46.660
   1624.17     244.945       1.978     208.812       8.146     -46.775
   1623.97     244.994       1.978     210.295       8.151     -44.683
   1623.77     245.043       1.979     208.884       8.506     -43.992
   1623.57     241.468       1.979     207.474       8.751     -38.787
   1623.37     237.124       1.979     207.503       8.301     -30.674
   1623.17     232.779       1.979     210.819       7.680     -26.607
   1622.97     226.086       1.979     214.134       7.850     -28.547
   1622.77     218.782       1.979     214.914       8.219     -39.269
   1622.57     211.478       1.979     214.332       8.588     -43.213
   1622.37     214.673       1.979     212.216       8.742     -43.940
   1622.17     218.171       1.980     211.723       8.896     -44.757
   1621.97     223.447       1.980     213.301       9.316     -47.751
   1621.77     230.187       1.980     213.400       9.735     -51.608
   1621.57     236.927       1.980     211.876      10.154     -55.295
   1621.37     243.667       1.980     210.714       9.375     -58.100
   1621.17     250.407       1.980     209.751       8.767     -59.286
   1620.97     246.090       1.980     210.508       9.159     -58.650
   1620.77     240.182       1.980     211.295      10.120     -45.953
   1620.57     226.455       1.981     212.378      11.566     -39.668
   1620.37     210.249       1.981     213.460      15.032     -39.913
   1620.17     190.259       1.981     212.384      27.724     -38.682
   1619.97     168.798       1.981     211.980      42.981     -30.077
   1619.77     148.017       1.981     215.044      69.935     -15.282
   1619.57     136.969       1.981     218.714      79.479     -13.840
   1619.37     125.920       1.981     219.546      85.733     -13.742
   1619.17     109.349       1.981     218.792      90.380     -13.706
   1618.97      90.046       1.982     219.306      88.350     -15.335
   1618.77      73.367       1.982     228.909      78.267     -17.123
   1618.57      82.344       1.982     228.038      58.133     -18.910
   1618.37      91.321       1.982     231.607      37.053     -20.210
   1618.17     107.922       1.982     233.659      20.184     -21.170
   1617.97     131.610       1.982     229.151      18.274     -23.047
   1617.77     151.954       1.982     224.643      16.365     -35.177
   1617.57     169.840       1.983     220.136      14.455     -43.427
   1617.37     185.856       1.983     216.052      12.546     -51.677
   1617.17     200.887       1.983     213.963      10.636     -55.147
   1616.97     215.176       1.983     213.910       9.186     -51.283
   1616.77     229.436       1.983     214.883       8.254     -43.182
   1616.57     237.081       1.983     217.290       7.795     -42.443
   1616.37     244.725       1.983     217.496       7.969     -45.355
   1616.17     252.370       1.983     216.954       8.222     -48.388
   1615.97     257.468       1.984     218.116       8.524     -51.421
   1615.77     257.517       1.984     218.241       8.752     -52.735
   1615.57     257.565       1.984     216.416       8.767     -52.220
   1615.37     257.614       1.984     214.591       8.677     -54.110
   1615.17     257.663       1.984     213.366       8.473     -56.000
   1614.97     257.711       1.984     213.033       8.269     -57.550
   1614.77     257.760       1.984     212.698       8.132     -54.681
   1614.57     257.809       1.984     214.001       8.097     -51.160
   1614.37     255.827       1.985     213.564       8.140     -46.621
   1614.17     251.894       1.985     212.206       8.201     -47.084
   1613.97     247.960       1.985     210.848       8.308     -49.531
   1613.77     241.330       1.985     211.044       8.478     -48.207
   1613.57     232.536       1.985     211.287       8.694     -46.883
   1613.37     223.169       1.985     214.625       8.988     -47.586
   1613.17     205.968       1.985     214.956      12.753     -43.838
   1612.97     188.768       1.985     215.821      15.477     -44.919
   1612.77     172.790       1.986     213.134      17.693     -45.537
   1612.57     159.869       1.986     210.437      17.930     -46.514
   1612.37     146.948       1.986     213.303      16.936     -48.859
   1612.17     145.339       1.986     216.602      14.760     -50.265
   1611.97     159.309       1.986     218.141      13.301     -52.134
   1611.77     173.280       1.986     215.121      11.923     -53.650
   1611.57     187.496       1.986     212.183      10.545     -52.070
   1611.37     202.351       1.986     210.644       9.159     -48.974
   1611.17     228.484       1.987     210.904       8.985     -45.472
   1610.97     241.017       1.987     211.240       9.367     -46.258
   1610.77     250.985       1.987     212.403       9.442     -48.604
   1610.57     260.180       1.987     211.318       8.919     -48.409
   1610.37     263.982       1.987     210.195       8.429     -45.641
   1610.17     267.784       1.987     210.638       7.938     -44.437
   1609.97     271.585       1.987     210.199       8.545     -48.339
   1609.77     272.966       1.988     210.427       9.083     -52.032
   1609.57     270.893       1.988     211.574       8.836     -47.197
   1609.37     268.819       1.988     209.039       8.531     -43.462
   1609.17     266.746       1.988     209.435       8.130     -43.786
   1608.97     264.673       1.988     209.622       7.659     -43.990
   1608.77     262.600       1.988     208.955       7.475     -42.674
   1608.57     259.252       1.988     209.101       7.341     -37.521
   1608.37     254.962       1.988     208.871       7.231     -33.904
   1608.17     250.671       1.989     210.006       7.356     -33.730
   1607.97     246.381       1.989     211.403       7.524     -33.919
   1607.77     245.372       1.989     213.230       7.762     -38.516
   1607.57     245.634       1.989     210.324       8.158     -43.548
   1607.37     245.895       1.989     211.781       8.736     -42.677
   1607.17     244.792       1.989     213.238       8.789     -47.899
   1606.97     243.372       1.989     212.306       8.749     -50.280
   1606.77     241.953       1.989     210.573       8.603     -45.314
   1606.57     237.896       1.990     213.019       8.257     -38.398
   1606.38     232.405       1.990     211.201       7.708     -36.669
   1606.18     226.915       1.990     213.739       7.261     -33.546
   1605.97     223.241       1.990     216.521       7.124     -34.036
   1605.78     227.739       1.990     217.190       7.019     -35.455
   1605.57     232.237       1.990     214.785       7.071     -33.526
   1605.38     236.735       1.990     213.939       7.010     -32.636
   1605.18     241.233       1.990     213.984       6.850     -35.337
   1604.97     245.731       1.991     211.017       6.691     -34.987
   1604.78     250.229       1.991     213.598       6.571     -39.640
   1604.57     253.703       1.991     218.662       6.684     -38.716
   1604.38     256.154       1.991     215.252       6.884     -44.303
   1604.18     258.606       1.991     213.354       7.114     -43.669
   1603.97     259.526       1.991     211.728       7.307     -46.164
   1603.78     256.490       1.991     209.960       7.196     -42.794
   1603.57     252.835       1.991     211.136       7.051     -38.150
   1603.38     246.177       1.992     210.992       6.899     -37.689
   1603.18     242.064       1.992     210.740       6.748     -34.568
   1602.97     238.757       1.992     210.666       6.724     -34.787
   1602.78     236.594       1.992     210.505       6.788     -36.497
   1602.57     234.430       1.992     214.298       6.851     -37.838
   1602.38     232.267       1.992     220.410       6.915     -37.371
   1602.18     230.104       1.992     218.538       7.384     -35.750
   1601.98     227.911       1.992     215.905       7.390     -35.275
   1601.78     225.157       1.993     212.322       7.302     -24.459
   1601.58     222.403       1.993     212.675       7.208     -24.596
   1601.38     219.649       1.993     212.293       7.107     -27.461
   1601.18     216.894       1.993     209.473       7.041     -26.697
   1600.98     216.743       1.993     213.419       7.021     -25.584
   1600.78     216.695       1.993     216.367       7.105     -25.904
   1600.58     216.648       1.993     216.217       7.248     -26.956
   1600.38     214.809       1.994     215.027       7.426     -28.262
   1600.18     212.355       1.994     213.809       7.612     -30.921
   1599.98     214.893       1.994     214.081       7.805     -31.465
   1599.78     218.970       1.994     213.251       7.983     -32.149
   1599.58     220.397       1.994     214.083       7.910     -34.179
   1599.38     221.460       1.994     210.639       7.822     -35.509
   1599.18     222.521       1.994     211.428       7.672     -38.750
   1598.98     223.572       1.994     213.606       7.738     -41.990
   1598.78     223.111       1.995     210.666       7.802     -36.169
   1598.58     222.562       1.995     210.392       7.612     -30.249
   1598.38     222.013       1.995     212.351       7.420     -29.975
   1598.18     219.078       1.995     211.839       7.261     -31.475
   1597.98     215.811       1.995     215.346       7.262     -24.750
   1597.78     211.664       1.995     215.351       6.992     -19.218
   1597.58     208.532       1.995     219.467       7.099     -20.136
   1597.38     210.523       1.995     217.853       7.222     -19.965
   1597.18     212.142       1.996     216.238       7.125     -21.406
   1596.98     212.913       1.996     215.149       7.027     -19.324
   1596.78     213.683       1.996     212.887       6.930     -16.775
   1596.58     214.454       1.996     215.246       6.854     -17.607
   1596.38     215.130       1.996     214.964       6.816     -19.486
   1596.18     215.554       1.996     215.993       6.778     -21.875
   1595.98     215.977       1.996     213.210       6.739     -20.423
   1595.78     216.401       1.996     213.147       6.686     -22.032
   1595.58     216.677       1.997     211.032       6.633     -26.177
   1595.38     216.261       1.997     212.563       6.509     -26.114
   1595.18     215.845       1.997     219.504       6.312     -24.339
   1594.98     215.429       1.997     218.094       6.366     -19.556
   1594.78     215.142       1.997     216.597       6.601     -19.051
   1594.58     215.186       1.997     215.937       6.840     -19.972
   1594.38     215.873       1.997     217.539       7.109     -25.460
   1594.18     218.376       1.997     213.564       7.373     -36.494
   1593.98     220.878       1.998     211.978       7.344     -38.297
   1593.78     222.485       1.998     210.455       7.315     -38.259
   1593.58     223.889       1.998     212.511       7.428     -38.686
   1593.38     225.304       1.998     212.042       7.561     -37.986
   1593.18     226.739       1.998     215.266       7.691     -40.175
   1592.98     228.173       1.998     214.092       7.708     -41.387
   1592.78     229.608       1.998     213.182       7.821     -39.039
   1592.58     230.059       1.999     213.602       7.934     -35.832
   1592.38     230.385       1.999     212.829       8.047     -37.323
   1592.18     229.645       1.999     213.790       8.231     -38.729
   1591.98     225.957       1.999     212.426       9.887     -39.923
   1591.78     219.116       1.999     213.814      12.072     -39.137
   1591.58     211.179       1.999     209.046      14.416     -39.081
   1591.38     202.505       1.999     215.667      20.894     -38.614
   1591.18     190.516       1.999     212.993      28.829     -34.986
   1590.98     151.750       2.000     214.154      45.740     -30.970
   1590.78     131.929       2.000     218.535      52.132     -28.015
   1590.58     107.254       2.000     221.804      61.992     -25.060
   1590.38      94.501       2.000     222.586      56.610     -22.132
   1590.18      88.381       2.000     222.196      27.261     -23.427
   1589.98      83.588       2.000     221.737      23.362     -26.287
   1589.78      95.917       2.000     221.047      20.832     -30.281
   1589.58     111.600       2.000     219.012      18.303     -36.992
   1589.38     125.355       2.001     218.428      15.774     -42.891
   1589.18     145.311       2.001     216.699      13.245     -47.152
   1588.98     173.523       2.001     215.638      10.716     -38.435
   1588.78     178.440       2.001     215.554       9.847     -29.053
   1588.58     183.357       2.001     216.237       9.452     -29.332
   1588.38     188.275       2.001     215.606       9.263     -26.834
   1588.18     190.049       2.001     216.886       9.074     -24.136
   1587.98     187.360       2.001     215.131       8.963     -22.665
   1587.78     182.456       2.002     217.731       9.163     -23.862
   1587.58     180.155       2.002     216.950       9.588     -24.549
   1587.38     178.993       2.002     216.648       9.594     -26.113
   1587.18     180.240       2.002     216.334       9.237     -29.272
   1586.98     181.568       2.002     215.668       8.926     -33.088
   1586.78     183.372       2.002     216.201       8.653     -31.778
   1586.58     184.007       2.002     215.386       8.444     -27.958
   1586.38     184.642       2.002     216.547       8.342     -23.057
   1586.18     184.175       2.003     214.985       8.789     -16.913
   1585.98     179.557       2.003     212.979       9.588     -23.593
   1585.78     175.743       2.003     213.635      10.043     -30.273
   1585.58     174.144       2.003     210.111       9.702     -36.953
   1585.38     176.599       2.003     217.183       9.093     -39.267
   1585.18     179.054       2.003     217.468       8.579     -33.629
   1584.98     184.648       2.003     216.920       8.140     -31.180
   1584.78     188.148       2.004     216.081       7.794     -30.310
   1584.58     191.649       2.004     215.338       7.525     -28.313
   1584.38     195.149       2.004     213.374       7.670     -26.240
   1584.18     196.074       2.004     214.305       8.209     -27.400
   1583.98     195.485       2.004     216.381       8.703     -28.559
   1583.78     194.274       2.004     216.990       8.787     -29.719
   1583.58     191.012       2.004     213.404       8.864     -34.635
   1583.38     188.817       2.004     209.817       8.887     -33.189
   1583.18     186.657       2.005     206.231       8.985     -35.700
   1582.98     184.602       2.005     210.171       9.176     -35.814
   1582.78     182.562       2.005     216.408       9.367     -37.015
   1582.58     180.570       2.005     215.063       9.557     -38.929
   1582.38     178.607       2.005     214.005       9.864     -37.842
   1582.18     176.643       2.005     213.659      10.206     -39.959
   1581.98     174.679       2.005     215.355      10.336     -43.693
   1581.78     172.536       2.005     215.817       9.903     -40.293
   1581.58     169.604       2.006     213.667       9.976     -38.033
   1581.38     166.410       2.006     211.778      10.169     -32.820
   1581.18     156.777       2.006     214.477      10.666     -40.181
   1580.98     156.164       2.006     211.082      11.404     -40.240
   1580.78     155.551       2.006     211.489      10.906     -38.877
   1580.58     154.938       2.006     208.830      10.037     -22.023
   1580.38     154.243       2.006     217.747       9.208     -19.486
   1580.18     153.296       2.006     217.410       9.020     -17.217
   1579.98     152.350       2.007     217.073       9.626     -16.272
   1579.78     151.403       2.007     216.573      10.449     -13.157
   1579.58     146.076       2.007     217.200      11.198      -8.965
   1579.38     141.711       2.007     221.635      11.265      -6.248
   1579.18     138.807       2.007     220.074      10.359      -6.455
   1578.98     137.354       2.007     217.957       9.521      -9.253
   1578.78     140.908       2.007     221.949       8.383     -13.894
   1578.58     145.035       2.007     217.623       7.859     -17.212
   1578.38     152.092       2.008     213.297       7.711     -21.140
   1578.18     160.892       2.008     213.020       7.903     -25.092
   1577.98     174.108       2.008     212.911       7.810     -29.319
   1577.78     185.835       2.008     218.615       7.718     -31.597
   1577.58     192.022       2.008     218.330       7.686     -31.490
   1577.38     197.301       2.008     212.129       7.702     -31.684
   1577.18     201.970       2.008     205.929       7.728     -32.281
   1576.98     206.640       2.009     208.535       7.604     -35.381
   1576.78     207.713       2.009     205.016       7.480     -33.375
   1576.58     207.866       2.009     204.048       7.419     -26.116
   1576.38     205.308       2.009     207.427       7.408     -22.146
   1576.18     202.631       2.009     208.578       7.542     -23.854
   1575.98     198.528       2.009     208.543       7.800     -26.631
   1575.78     194.265       2.009     207.445       8.232     -27.734
   1575.58     190.002       2.009     208.978       8.664     -25.785
   1575.38     185.838       2.010     210.191       9.129     -25.263
   1575.18     181.882       2.010     208.159       9.663     -27.832
   1574.98     178.298       2.010     206.920      10.256     -26.020
   1574.78     171.099       2.010     212.202      10.434     -25.688
   1574.58     164.580       2.010     211.021      11.235     -35.633
   1574.38     158.709       2.010     209.030      11.644     -43.117
   1574.18     152.837       2.010     208.927      14.702     -41.249
   1573.98     147.444       2.010     203.812      16.394     -41.243
   1573.78     142.116       2.011     200.281      17.568     -43.753
   1573.58     136.004       2.011     207.020      17.374     -48.014
   1573.38     131.250       2.011     208.391      16.540     -44.590
   1573.18     133.222       2.011     208.996      15.018     -38.340
   1572.98     135.392       2.011     210.231      11.700     -27.024
   1572.78     140.259       2.011     210.372       9.794     -23.771
   1572.58     147.101       2.011     214.203       9.400     -23.734
   1572.38     151.764       2.011     214.504       9.497     -24.226
   1572.18     153.323       2.012     212.471      10.000     -26.858
   1571.98     152.894       2.012     214.558      10.701     -29.776
   1571.78     150.219       2.012     212.025      11.324     -33.515
   1571.58     149.132       2.012     211.225      11.058     -38.234
   1571.38     150.579       2.012     212.183      10.771     -39.881
   1571.18     152.623       2.012     215.088      10.343     -37.309
   1570.98     155.149       2.012     212.100       9.916     -33.215
   1570.78     157.765       2.012     209.345       9.935     -33.958
   1570.58     158.515       2.013     210.511      10.247     -36.238
   1570.38     158.421       2.013     211.177      10.769     -39.788
   1570.18     157.187       2.013     214.795      11.479     -44.026
   1569.98     153.081       2.013     210.566      11.083     -42.552
   1569.78     149.795       2.013     206.412      10.453     -36.811
   1569.58     149.240       2.013     208.863       9.777     -32.588
   1569.38     152.195       2.013     211.315       9.198     -28.873
   1569.18     155.954       2.014     210.890       8.756     -29.561
   1568.98     162.194       2.014     212.076       8.381     -29.389
   1568.78     168.928       2.014     213.589       8.210     -25.526
   1568.58     173.940       2.014     212.470       8.038     -19.091
   1568.38     177.624       2.014     212.714       7.866     -15.643
   1568.18     180.109       2.014     214.532       7.695     -13.567
   1567.98     182.593       2.014     214.657       7.523     -12.296
   1567.78     185.078       2.014     217.012       7.351     -13.177
   1567.58     186.855       2.015     217.498       7.179     -16.181
   1567.38     188.474       2.015     217.181       7.148     -17.584
   1567.18     190.092       2.015     217.179       7.139     -13.302
   1566.98     191.185       2.015     216.025       7.130     -11.332
   1566.78     191.461       2.015     217.323       7.121     -12.860
   1566.58     191.736       2.015     213.984       7.123     -10.675
   1566.38     192.011       2.015     215.154       7.161     -10.425
   1566.18     191.610       2.015     218.617       7.199     -11.219
   1565.98     190.668       2.016     218.870       7.341     -11.409
   1565.78     189.725       2.016     217.860       7.567     -12.841
   1565.58     187.769       2.016     215.390       7.850     -17.502
   1565.39     185.742       2.016     213.094       8.075     -17.026
   1565.19     184.192       2.016     214.853       7.812     -19.463
   1564.98     183.210       2.016     213.197       8.300     -20.654
   1564.79     182.227       2.016     212.965       8.831     -19.550
   1564.58     181.245       2.016     218.957       9.536     -22.240
   1564.39     179.605       2.017     217.309      10.203     -26.052
   1564.19     177.781       2.017     215.532      10.465     -29.984
   1563.98     175.385       2.017     214.037      10.125     -33.311
   1563.79     171.671       2.017     212.334       9.307     -32.693
   1563.58     166.587       2.017     211.016       8.489     -33.708
   1563.39     160.042       2.017     211.095       7.671     -35.089
   1563.19     154.608       2.017     209.163       6.852     -37.084
   1562.98     150.281       2.017     211.617       8.431     -38.955
   1562.79     144.082       2.018     211.223      15.004     -40.540
   1562.58     137.379       2.018     210.703      21.169     -41.790
   1562.39     123.875       2.018     210.449      25.508     -41.629
   1562.19     112.652       2.018     209.410      34.182     -39.901
   1561.98     103.532       2.018     207.594      46.555     -34.492
   1561.79      91.617       2.018     214.158      59.278     -29.434
   1561.58      67.246       2.018     216.220      74.118     -24.735
   1561.39      52.401       2.019     216.204      87.481     -21.643
   1561.19      44.096       2.019     220.837     100.749     -19.942
   1560.99      37.871       2.019     223.928     115.885     -18.428
   1560.79      32.661       2.019     222.078     129.276     -18.717
   1560.59      29.844       2.019     220.371     138.874     -19.006
   1560.39      27.163       2.019     220.903     148.471     -19.447
   1560.19      26.075       2.019     219.135     137.809     -20.099
   1559.99      25.909       2.019     217.361     118.373     -20.750
   1559.79      26.784       2.020     215.828     100.895     -22.081
   1559.59      28.544       2.020     213.342      79.980     -23.711
   1559.39      31.896       2.020     215.006      58.901     -26.135
   1559.19      39.060       2.020     215.381      48.456     -28.915
   1558.99      47.534       2.020     214.840      39.399     -32.274
   1558.79      55.314       2.020     218.647      30.341     -35.633
   1558.59      64.274       2.020     215.604      21.284     -38.976
   1558.39      77.778       2.020     216.435      15.698     -39.849
   1558.19      95.156       2.021     214.048      13.692     -38.477
   1557.99     115.952       2.021     211.920      13.127     -39.536
   1557.79     123.216       2.021     212.767      12.776     -40.957
   1557.59     127.660       2.021     212.252      12.556     -40.549
   1557.39     132.104       2.021     213.716      13.018     -42.846
   1557.19     131.617       2.021     215.774      13.522     -45.172
   1556.99     130.649       2.021     214.642      14.053     -46.313
   1556.79     129.680       2.021     213.747      14.492     -44.968
   1556.59     128.317       2.022     212.653      14.344     -45.174
   1556.39     126.913       2.022     211.407      13.792     -46.026
   1556.19     126.162       2.022     212.767      14.125     -46.879
   1555.99     127.843       2.022     214.647      14.457     -47.758
   1555.79     129.523       2.022     213.301      14.173     -47.505
   1555.59     131.204       2.022     213.817      13.685     -44.884
   1555.39     133.157       2.022     212.414      13.015     -40.883
   1555.19     136.644       2.022     213.731      12.275     -36.924
   1554.99     141.864       2.023     212.534      11.536     -26.734
   1554.79     147.694       2.023     211.566      10.016     -23.679
   1554.59     152.937       2.023     211.287       9.531     -20.880
   1554.39     157.696       2.023     213.687       9.045     -20.468
   1554.19     162.455       2.023     216.398       8.940     -22.015
   1553.99     164.447       2.023     212.011       8.964     -23.390
   1553.79     165.848       2.023     212.271       9.044     -23.265
   1553.59     165.504       2.024     212.659       9.225     -24.193
   1553.39     164.611       2.024     211.894       9.405     -25.652
   1553.19     163.393       2.024     211.317       9.486     -26.707
   1552.99     161.553       2.024     212.633       9.558     -27.223
   1552.79     159.712       2.024     213.098       9.801     -27.908
   1552.59     157.872       2.024     213.047      10.181     -29.645
   1552.39     156.032       2.024     212.364      10.666     -31.631
   1552.19     154.121       2.024     211.740      11.047     -35.548
   1551.99     150.962       2.025     212.613      11.121     -36.630
   1551.79     147.238       2.025     212.420      11.303     -39.193
   1551.59     142.366       2.025     213.042      11.341     -39.099
   1551.39     137.663       2.025     213.383      10.813     -39.406
   1551.19     134.146       2.025     213.415      10.368     -38.083
   1550.99     133.495       2.025     213.633      10.130     -35.597
   1550.79     135.640       2.025     213.523      10.043     -33.745
   1550.59     138.063       2.025     212.220       9.984     -32.611
   1550.39     142.130       2.026     219.345       9.656     -28.985
   1550.19     143.748       2.026     216.632       9.711     -32.271
   1549.99     145.079       2.026     217.828      10.090     -30.388
   1549.79     145.911       2.026     219.197      10.967     -31.824
   1549.59     141.961       2.026     218.638      11.502     -33.539
   1549.39     137.954       2.026     218.327      12.117     -36.501
   1549.19     132.774       2.026     218.733      12.871     -41.877
   1548.99     128.689       2.026     217.567      13.602     -43.776
   1548.79     124.657       2.027     214.883      12.985     -44.752
   1548.59     120.404       2.027     213.211      12.355     -38.700
   1548.39     116.723       2.027     211.366      11.708     -34.178
   1548.19     119.472       2.027     215.312      11.168     -30.402
   1547.99     122.221       2.027     216.488      10.888     -30.169
   1547.79     127.163       2.027     216.226      11.274     -32.145
   1547.59     130.285       2.027     216.183      11.872     -37.286
   1547.39     132.779       2.027     218.740      12.109     -41.941
   1547.19     132.773       2.028     216.240      12.246     -40.215
   1546.99     132.767       2.028     214.734      11.926     -38.293
   1546.79     132.762       2.028     215.237      11.469     -36.118
   1546.59     134.217       2.028     215.268      10.808     -34.606
   1546.39     136.868       2.028     218.165       9.593     -30.023
   1546.19     141.114       2.028     218.617       8.771     -22.569
   1545.99     149.496       2.028     220.372       7.977     -15.373
   1545.79     159.475       2.029     219.450       7.556     -12.521
   1545.59     169.646       2.029     221.205       7.135      -9.669
   1545.39     180.028       2.029     220.420       6.741      -8.977
   1545.19     190.409       2.029     222.292       6.387      -8.605
   1544.99     199.895       2.029     222.372       5.783      -8.397
   1544.79     207.957       2.029     225.364       5.186      -7.278
   1544.59     216.020       2.029     237.420       4.689      -6.158
   1544.39     224.442       2.029     251.952       4.346      -5.007
   1544.19     235.601       2.030     249.648       4.543      -3.826
   1543.99     246.759       2.030     236.555       4.737      -3.378
   1543.79     256.631       2.030     240.185       4.773      -2.984
   1543.59     259.362       2.030     240.171       4.706      -2.605
   1543.39     262.092       2.030     238.330       4.498      -2.281
   1543.19     264.822       2.030     243.435       4.305      -1.956
   1542.99     267.552       2.030     248.541       4.290      -1.632
   1542.79     270.282       2.030     251.779       4.274      -4.143
   1542.59     272.628       2.031     246.381       4.259      -6.434
   1542.39     274.435       2.031     235.025       4.199      -7.585
   1542.19     276.242       2.031     223.669       4.149      -6.868
   1541.99     278.048       2.031     212.823       4.119      -5.689
   1541.79     279.855       2.031     209.569       4.088      -3.788
   1541.59     281.661       2.031     210.838       4.058      -2.440
   1541.39     283.532       2.031     217.515       4.029      -2.925
   1541.19     285.426       2.031     224.193       4.000      -3.411
   1540.99     287.614       2.032     219.240       3.971      -3.376
   1540.79     290.104       2.032     220.148       3.869      -3.299
   1540.59     292.593       2.032     221.210       3.735      -3.560
   1540.39     295.082       2.032     216.759       3.601      -3.821
   1540.19     297.572       2.032     221.526       3.469      -3.848
   1539.99     302.661       2.032     215.715       3.338      -3.702
   1539.79     310.904       2.032     221.083       3.216      -3.045
   1539.59     319.147       2.032     222.392       3.094      -2.280
   1539.39     327.390       2.033     222.010       3.003      -1.515
   1539.19     333.116       2.033     217.249       2.971       -.863
   1538.99     338.192       2.033     230.393       2.940       -.267
   1538.79     343.267       2.033     233.185       2.908       -.128
   1538.59     348.343       2.033     221.827       2.894       -.226
   1538.39     348.265       2.033     219.036       2.927       -.324
   1538.19     348.114       2.033     223.064       2.960       -.917
   1537.99     347.963       2.033     220.036       2.992      -1.577
   1537.79     347.811       2.034     229.559       3.025      -2.236
   1537.59     347.660       2.034     228.088       2.998      -2.659
   1537.39     348.981       2.034     226.478       2.971      -2.989
   1537.19     351.338       2.034     221.571       2.944      -2.217
   1536.99     353.696       2.034     222.579       2.916      -1.241
   1536.79     355.634       2.034     222.463       2.927      -1.015
   1536.59     356.058       2.034     227.033       2.941      -1.846
   1536.39     356.483       2.035     218.989       2.954      -2.444
   1536.19     356.907       2.035     215.546       2.967      -3.092
   1535.99     357.332       2.035     217.316       2.980      -5.223
   1535.79     356.315       2.035     218.375       2.981      -8.732
   1535.59     352.028       2.035     212.031       2.982      -7.906
   1535.39     353.187       2.035     214.894       2.982      -6.863
   1535.19     355.178       2.035     217.978       2.981      -3.193
   1534.99     357.170       2.035     211.156       2.953      -4.322
   1534.79     359.161       2.036     211.133       2.924      -6.130
   1534.59     361.152       2.036     224.645       2.896      -7.626
   1534.39     363.143       2.036     222.943       2.868      -6.690
   1534.19     361.871       2.036     224.235       2.961      -5.409
   1533.99     359.635       2.036     232.797       3.061      -6.983
   1533.79     357.398       2.036     227.932       3.160      -7.684
   1533.59     354.234       2.036     217.683       3.176      -6.440
   1533.39     350.597       2.036     218.070       3.176      -3.405
   1533.19     346.960       2.037     217.341       3.177      -1.547
   1532.99     344.003       2.037     229.686       3.175       -.557
   1532.79     344.412       2.037     224.025       3.141      -1.111
   1532.59     344.821       2.037     217.909       3.106      -1.754
   1532.39     345.208       2.037     225.778       3.071      -2.771
   1532.19     341.564       2.037     229.722       3.074      -3.455
   1531.99     337.919       2.037     220.382       3.151      -3.918
   1531.79     334.274       2.037     217.955       3.228      -2.677
   1531.59     330.629       2.038     211.669       3.305      -2.414
   1531.39     329.202       2.038     219.041       3.382      -2.356
   1531.19     328.659       2.038     215.558       3.327      -1.848
   1530.99     328.116       2.038     211.144       3.259      -2.078
   1530.79     327.573       2.038     222.751       3.191      -2.645
   1530.59     327.030       2.038     232.699       3.128      -3.214
   1530.39     326.905       2.038     224.872       3.131      -3.793
   1530.19     326.897       2.038     217.791       3.133      -4.075
   1529.99     326.890       2.039     219.309       3.135      -4.058
   1529.79     326.663       2.039     220.727       3.154      -4.100
   1529.59     322.377       2.039     227.939       3.194      -4.246
   1529.39     318.091       2.039     225.754       3.235      -4.393
   1529.19     314.788       2.039     225.564       3.275      -4.540
   1528.99     316.155       2.039     228.326       3.316      -4.458
   1528.79     317.521       2.039     226.685       3.343      -4.324
   1528.59     318.445       2.040     227.819       3.365      -4.191
   1528.39     318.529       2.040     229.841       3.386      -4.287
   1528.19     317.843       2.040     230.602       3.408      -4.398
   1527.99     316.515       2.040     229.908       3.429      -4.502
   1527.79     315.187       2.040     227.281       3.436      -4.576
   1527.59     313.860       2.040     228.144       3.435      -4.651
   1527.39     316.947       2.040     226.085       3.434      -3.682
   1527.19     320.283       2.040     227.840       3.443      -2.446
   1526.99     320.587       2.041     221.130       3.473      -3.359
   1526.79     317.624       2.041     224.283       3.503      -6.723
   1526.59     310.008       2.041     227.577       3.555      -8.221
   1526.39     302.392       2.041     220.342       3.737      -7.159
   1526.19     292.737       2.041     214.913       3.920      -4.833
   1525.99     282.414       2.041     216.840       4.102      -2.841
   1525.79     276.357       2.041     216.233       4.045      -2.533
   1525.59     283.860       2.041     209.976       3.973      -2.560
   1525.39     291.363       2.042     212.520       3.901      -2.716
   1525.19     299.378       2.042     218.192       3.682      -2.408
   1524.99     308.326       2.042     226.908       3.450      -1.739
   1524.79     314.300       2.042     225.044       3.354      -1.557
   1524.59     316.217       2.042     226.975       3.358      -1.599
   1524.40     317.710       2.042     226.074       3.362      -1.641
   1524.19     317.617       2.042     224.718       3.367      -1.698
   1523.99     316.067       2.042     222.101       3.321      -1.757
   1523.80     310.304       2.043     228.769       3.276      -2.248
   1523.59     304.541       2.043     224.816       3.294      -3.419
   1523.40     298.779       2.043     228.063       3.402      -4.760
   1523.19     292.857       2.043     223.294       3.748      -6.767
   1522.99     286.388       2.043     221.998       4.094      -7.487
   1522.80     279.920       2.043     231.805       4.080      -6.170
   1522.59     277.230       2.043     218.226       4.017      -3.834
   1522.40     275.902       2.043     199.560       4.017      -3.437
   1522.19     277.358       2.044     214.505       4.018      -3.881
   1521.99     280.131       2.044     229.451       4.019      -3.877
   1521.80     282.903       2.044     220.503       3.718      -3.284
   1521.59     287.035       2.044     226.315       3.719      -4.402
   1521.40     291.512       2.044     218.797       3.720      -5.218
   1521.19     295.989       2.044     215.265       3.662      -5.568
   1520.99     300.466       2.044     212.755       3.561      -3.109
   1520.80     306.383       2.045     211.174       3.461      -1.965
   1520.59     313.151       2.045     217.277       3.360      -1.310
   1520.40     319.919       2.045     219.337       3.249       -.908
   1520.20     326.687       2.045     221.260       3.131      -1.150
   1520.00     332.909       2.045     219.310       3.012       -.908
   1519.80     338.939       2.045     220.462       2.956       -.667
   1519.60     344.970       2.045     218.894       2.913      -1.089
   1519.40     349.489       2.045     221.820       2.870      -1.700
   1519.20     346.213       2.046     220.077       2.893      -1.310
   1519.00     342.937       2.046     219.746       2.951       -.513
   1518.80     339.661       2.046     211.161       3.009      -3.216
   1518.60     331.543       2.046     218.816       3.067      -7.454
   1518.40     321.987       2.046     221.217       3.163      -8.692
   1518.20     312.431       2.046     227.390       3.274      -9.931
   1518.00     302.689       2.046     233.961       3.385     -10.795
   1517.80     292.472       2.046     221.307       3.502     -11.500
   1517.60     282.255       2.047     224.037       3.646     -12.205
   1517.40     272.038       2.047     214.045       3.790     -12.510
   1517.20     266.122       2.047     216.992       3.918     -12.507
   1517.00     260.714       2.047     222.067       4.022     -11.348
   1516.80     255.307       2.047     214.714       4.127      -9.070
   1516.60     250.683       2.047     216.541       4.231      -7.352
   1516.40     246.086       2.047     219.898       4.298      -8.987
   1516.20     241.489       2.047     223.223       4.277      -7.487
   1516.00     247.616       2.048     208.961       4.256      -8.195
   1515.80     254.478       2.048     210.406       4.236      -6.750
   1515.60     261.340       2.048     210.468       4.215      -5.675
   1515.40     270.433       2.048     221.169       4.194      -5.025
   1515.20     281.655       2.048     216.807       4.148      -4.376
   1515.00     292.878       2.048     216.986       3.979      -3.726
   1514.80     296.893       2.048     219.523       3.810      -3.076
   1514.60     300.805       2.048     224.067       3.656      -3.216
   1514.40     304.240       2.049     228.591       3.639      -3.383
   1514.20     299.049       2.049     230.997       3.621      -3.623
   1514.00     293.858       2.049     225.056       3.604      -4.131
   1513.80     288.885       2.049     219.096       3.655      -4.594
   1513.60     285.432       2.049     221.821       3.743      -4.766
   1513.40     281.979       2.049     227.384       3.831      -4.938
   1513.20     280.606       2.049     220.911       3.815      -5.164
   1513.00     287.768       2.050     218.020       3.720      -5.882
   1512.80     294.906       2.050     225.732       3.626      -6.599
   1512.60     297.676       2.050     225.280       3.581      -6.676
   1512.40     286.280       2.050     230.289       3.568      -5.976
   1512.20     275.311       2.050     227.962       3.555      -5.276
   1512.00     265.284       2.050     228.495       3.542      -4.612
   1511.80     261.351       2.050     230.075       3.703      -3.992
   1511.60     263.108       2.050     216.124       3.888      -2.583
   1511.40     258.895       2.051     202.173       3.843       -.689
   1511.20     261.870       2.051     203.743       4.004       -.507
   1511.00     267.738       2.051     212.017       4.165      -1.000
   1510.80     277.202       2.051     222.754       4.072      -1.392
   1510.60     291.580       2.051     231.451       3.760      -1.571
   1510.40     298.321       2.051     231.157       3.524      -2.290
   1510.20     302.457       2.051     227.855       3.437      -3.158
   1510.00     300.850       2.051     225.889       3.455      -3.415
   1509.80     299.242       2.052     219.562       3.468      -3.412
   1509.60     296.123       2.052     215.218       3.365      -3.379
   1509.40     291.793       2.052     223.129       3.262      -3.213
   1509.20     287.462       2.052     220.550       3.200      -3.047
   1509.00     283.132       2.052     219.458       3.261      -2.881
   1508.80     278.864       2.052     227.299       3.417      -3.980
   1508.60     275.582       2.052     215.617       3.573      -5.314
   1508.40     272.300       2.052     218.238       3.633      -6.690
   1508.20     269.017       2.053     221.656       3.634      -8.173
   1508.00     267.138       2.053     225.074       3.635      -9.170
   1507.80     265.462       2.053     217.898       3.702      -8.144
   1507.60     267.024       2.053     221.834       3.768      -7.118
   1507.40     269.075       2.053     216.994       3.826      -6.326
   1507.20     271.127       2.053     212.154       3.757      -5.546
   1507.00     273.178       2.053     217.545       3.689      -4.766
   1506.80     275.230       2.053     223.110       3.651      -4.692
   1506.60     278.638       2.054     226.965       3.621      -5.072
   1506.40     282.068       2.054     223.009       3.591      -5.369
   1506.20     279.075       2.054     221.468       3.561      -5.405
   1506.00     276.083       2.054     216.263       3.531      -5.836
   1505.80     272.681       2.054     209.319       3.594      -6.442
   1505.60     268.840       2.054     213.668       3.702      -7.038
   1505.40     264.999       2.054     218.123       3.810      -6.844
   1505.20     262.462       2.055     212.995       3.908      -6.236
   1505.00     262.370       2.055     206.130       3.972      -4.597
   1504.80     262.277       2.055     222.324       4.037      -5.016
   1504.60     265.405       2.055     220.604       4.060      -5.179
   1504.40     274.120       2.055     213.968       3.700      -4.807
   1504.20     282.834       2.055     204.455       3.586      -3.036
   1504.00     289.900       2.055     221.358       3.651      -1.790
   1503.80     297.096       2.055     211.741       3.574      -1.638
   1503.60     304.824       2.056     226.382       3.472      -2.404
   1503.40     310.289       2.056     222.492       3.334      -3.241
   1503.20     311.362       2.056     222.878       3.257      -4.079
   1503.00     307.086       2.056     227.785       3.282      -4.694
   1502.80     302.684       2.056     214.159       3.308      -5.241
   1502.60     297.501       2.056     211.378       3.381      -5.100
   1502.40     288.688       2.056     202.616       3.483      -4.474
   1502.20     279.876       2.056     207.513       3.585      -3.745
   1502.00     271.473       2.057     217.955       3.673      -3.016
