Depth     DS        PS        IK        BK        PZ
2404.00   24.9630   84.0237   195.8532  4.6385    5.8181
2404.20   25.0953   87.4516   201.3420  3.8834    5.6052
2404.40   26.6673   89.7408   203.2038  3.7715    6.9465
2404.60   27.9027   91.2306   200.7133  3.3753    6.2979
2404.80   25.1498   91.7757   192.5890  3.4302    5.5367
2405.00   25.0370   91.6061   188.0191  4.1018    6.5573
2405.20   25.0389   91.3396   194.4750  6.2679    6.8780
2405.40   25.0623   91.6182   194.8135  4.7565    5.3359
2405.60   25.0292   90.9157   190.4129  4.0227    5.7080
2405.80   24.9241   90.5281   190.7997  5.1269    7.2378
2406.00   24.8521   90.5281   186.6167  4.4998    6.8315
2406.20   24.7588   90.3343   185.5528  4.5798    6.9661
2406.40   24.6342   89.1352   186.6167  5.3789    7.0836
2406.60   24.5681   88.7476   186.0606  5.2180    7.6686
2406.80   24.4805   87.6938   178.6859  4.3833    8.0259
2407.00   24.4591   85.3198   172.9312  5.0110    7.2353
2407.20   24.7179   84.4961   174.9380  6.1584    7.1742
2407.40   24.8969   85.4409   182.0226  11.1147   7.6221
2407.60   24.9669   85.9375   185.1176  5.1907    7.3039
2407.80   25.0331   85.9012   183.0623  4.5439    6.7629
2408.00   25.0506   86.7127   186.0606  4.5695    6.6283
2408.20   25.0584   88.4811   209.6113  5.4052    6.2881
2408.40   25.1206   90.3706   245.3243  5.2790    6.0629
2408.60   25.2996   91.7757   216.5024  4.2906    5.6835
2408.80   25.1459   92.4661   206.5889  3.7828    5.8230
2409.00   25.0525   92.5509   205.3557  3.5108    5.8646
2409.20   25.0331   91.2670   212.6337  3.5572    6.3958
2409.40   24.9903   89.5470   250.9823  3.9509    6.2245
2409.60   24.8658   88.0814   226.6094  4.0636    5.8377
2409.80   24.6790   87.2214   193.8705  4.1358    6.1731
2410.00   24.4630   86.8823   194.4992  4.7370    6.6503
2410.20   24.5642   86.2403   191.8878  4.4645    7.1203
2410.40   24.8074   81.9889   184.7307  3.8529    7.7616
2410.60   24.5097   68.1686   176.9207  3.7028    8.6672
2410.80   23.6868   57.1100   171.5529  4.6143    13.1049
2411.00   22.9903   45.6153   176.2437  10.4167   15.3910
2411.20   22.9689   37.9360   179.7014  10.7379   16.3285
2411.40   23.0409   37.6332   181.3214  11.9532   15.2123
2411.60   23.1693   43.0354   183.3766  12.3773   11.8517
2411.80   23.8054   59.9201   186.4958  10.8512   9.6683
2412.00   24.4436   70.3246   187.7773  6.8067    8.4323
2412.20   24.9319   76.5141   182.4578  4.9866    7.7029
2412.40   25.0156   80.5475   176.8724  4.3767    6.9710
2412.60   24.8599   82.2190   174.0192  4.4595    7.1472
2412.80   24.4066   81.8677   173.3422  5.5886    6.6014
2413.00   24.2957   81.6134   173.6807  6.3174    6.6381
2413.20   24.7335   85.2108   173.4631  5.9518    6.5965
2413.40   24.9825   86.3372   171.2628  5.1596    6.5549
2413.60   25.0525   87.5000   169.5944  5.0943    6.7140
2413.80   24.9961   88.3721   169.1833  5.1058    6.4374
2414.00   24.9981   88.6265   174.3819  5.0809    6.4643
2414.20   25.0272   89.2684   179.3629  4.9493    6.4325
2414.40   25.0428   89.7166   172.6652  4.9290    6.4912
2414.60   25.0584   89.8498   169.0141  5.0695    6.6479
2414.80   25.0584   90.1526   167.4182  5.0905    6.7115
2415.00   25.0311   90.9036   167.9986  5.0981    6.6626
2415.20   25.0195   91.4486   167.7568  5.1134    6.4178
2415.40   25.1012   91.8968   167.5391  5.1538    6.2661
2415.60   25.1712   92.3450   167.9986  5.0962    6.3199
2415.80   25.2062   92.7810   169.8120  4.8611    7.2353
2416.00   25.2218   92.9748   174.6721  4.4628    6.9832
2416.20   25.1907   91.9089   181.4423  4.1983    6.6969
2416.40   25.0136   87.0397   178.3957  4.2906    6.6406
2416.60   24.5798   79.7359   170.5857  5.2810    6.9930
2416.80   24.2374   78.2461   170.1989  6.3913    7.1693
2417.00   24.3969   77.4588   172.5201  5.2573    7.1252
2417.20   24.4494   75.2059   173.5356  5.0657    7.6710
2417.40   24.3210   67.5630   171.6255  4.7387    8.3099
2417.60   23.7899   54.7602   167.9018  6.5538    9.3061
2417.80   22.9261   54.7844   166.2818  8.8992    10.3708
2418.00   23.0447   58.1880   165.5564  8.2193    11.8737
2418.20   23.5253   50.2786   161.9053  5.6159    13.3350
2418.40   23.6634   43.3261   158.2301  6.5366    15.2099
2418.60   23.5837   38.5901   154.7724  9.1255    17.5425
2418.80   23.7529   35.8043   151.6533  10.2463   18.0663
2419.00   23.8424   33.1153   150.2267  11.2869   18.3968
2419.20   23.6848   31.7951   148.6550  11.6961   18.5143
2419.40   23.5175   31.4196   147.0108  11.7400   19.0968
2419.60   23.4864   31.5891   144.8830  11.4875   19.5668
2419.80   23.5798   32.7398   142.7069  11.2488   19.3049
2420.00   23.7510   33.5998   142.6102  11.2488   19.3709
2420.20   23.7996   33.6846   142.0540  11.5653   19.2192
2420.40   23.8424   33.3697   140.8209  11.7576   18.9769
2420.60   23.8210   32.6914   139.9988  11.7841   18.9377
2420.80   23.7802   31.8435   139.4668  11.6742   18.9867
2421.00   23.6751   31.1410   139.7328  11.6479   18.7762
2421.20   23.4008   30.9351   140.1197  11.6044   18.5240
2421.40   23.0370   30.9956   141.3045  11.4918   18.3772
2421.60   22.8794   31.0441   143.3114  11.4231   18.0541
2421.80   22.7743   31.5649   145.0765  11.4746   17.9513
2422.00   22.5370   32.3401   146.2613  11.5653   18.3625
2422.20   22.5837   32.6429   147.2768  11.5696   18.3503
2422.40   22.7588   32.7883   148.4858  11.5134   19.2608
2422.60   22.9825   32.9700   149.6947  11.4961   19.0160
2422.80   23.2549   32.7156   147.5911  11.5306   18.6758
2423.00   23.3463   31.9404   147.1801  11.6698   18.4751
2423.20   23.4086   31.2863   147.1801  11.9129   18.4139
2423.40   23.5506   31.8314   147.3251  12.2756   18.2719
2423.60   23.7432   34.3992   148.0989  12.1748   17.4324
2423.80   23.9008   37.0155   150.2992  12.2297   15.7631
2424.00   23.9630   40.7340   155.8363  12.2710   11.6510
2424.20   23.9805   51.7078   165.6290  11.7664   8.6158
2424.40   24.3074   68.8711   175.4700  9.2738    6.7507
2424.60   24.9280   81.3590   184.4164  5.2849    5.9748
2424.80   25.7451   85.2350   189.2039  3.7602    5.3776
2425.00   26.1926   87.4758   194.1123  3.6164    5.0422
2425.20   26.1926   89.1957   198.2953  3.6028    5.2503
2425.40   26.0837   90.1042   198.0294  3.6724    5.3531
2425.60   26.1304   90.5766   196.3610  3.9082    5.3873
2425.80   26.1926   91.0005   196.0467  4.0972    5.4290
2426.00   26.1946   91.3154   195.5147  4.2331    5.5367
2426.20   26.2335   91.7999   193.2902  4.2729    5.7667
2426.40   26.2646   92.0179   190.4129  4.2761    5.6884
2426.60   26.2043   90.9884   188.1642  4.4212    6.1608
2426.80   25.7646   87.8755   186.1089  4.7780    6.4545
2427.00   25.9416   84.7263   184.1020  5.0544    6.2710
2427.20   25.3988   81.3832   183.7877  4.9142    6.6479
2427.40   25.0467   78.7064   183.6668  5.6306    6.9000
2427.60   25.7140   77.6526   180.8620  4.9754    6.4203
2427.80   24.5058   82.2069   182.3369  5.9074    6.2293
2428.00   24.5661   85.1139   185.1901  6.0034    6.5745
2428.20   25.1226   87.1003   186.0847  4.3783    6.2367
2428.40   25.3658   88.5174   184.5614  4.7104    5.6909
2428.60   25.2607   90.7703   181.1763  4.2874    6.2098
2428.80   25.1907   90.2859   175.5425  3.8921    6.8584
2429.00   25.3210   87.1245   170.1747  4.2665    6.4178
2429.20   24.3599   81.3711   170.9968  6.0850    6.7752
2429.40   24.4844   83.2485   174.9622  6.8734    7.3357
2429.60   25.1401   84.8595   171.9640  5.3227    7.5144
2429.80   25.6342   80.9109   167.6842  5.3227    7.6980
2430.00   25.7938   78.9850   163.3561  5.5116    7.8522
2430.20   25.6673   74.5397   158.6653  5.4930    8.3539
2430.40   25.0058   67.6599   155.8363  6.6628    8.7725
2430.60   24.0292   65.4070   154.4581  7.8195    8.8777
2430.80   23.9903   69.8643   154.8208  8.0334    8.6158
2431.00   24.5253   76.3324   157.8916  7.2384    8.1581
2431.20   24.9144   80.1235   162.7274  6.8760    7.8962
2431.40   25.1868   83.2364   166.4511  6.4976    7.5731
2431.60   25.4008   87.0518   169.1108  5.4520    7.1374
2431.80   25.5584   90.0557   171.0935  4.7959    6.5598
2432.00   25.5681   91.8968   172.6410  4.6004    5.6835
2432.20   25.5156   92.7447   174.3336  4.5746    5.4045
2432.40   25.4086   92.3207   175.4458  4.7547    6.7164
2432.60   25.3074   90.0557   170.1989  4.5558    7.3847
2432.80   25.2918   87.2335   166.6445  4.4528    5.9993
2433.00   25.3794   85.3924   170.8275  5.8107    6.0188
2433.20   25.3813   85.9738   175.7118  8.4663    7.2256
2433.40   25.3619   85.3803   176.0986  6.3937    8.8582
2433.60   25.2860   87.4758   177.6461  5.1849    8.0773
2433.80   25.2393   89.7892   184.1262  5.1635    6.2196
2434.00   25.4339   91.6182   205.8877  6.2585    5.8989
2434.20   25.7763   93.4472   219.0655  5.4316    6.2171
2434.40   26.2704   93.6289   227.6492  4.4030    5.4216
2434.60   26.0992   92.6357   234.0083  3.6300    4.8244
2434.80   26.4144   92.4419   238.1914  3.3640    4.2394
2435.00   26.6751   92.7083   241.0687  3.2781    4.5453
2435.20   26.6012   92.1754   242.6404  3.3817    5.1059
2435.40   26.4066   91.9210   242.3986  3.5254    4.7265
2435.60   26.5564   92.5145   243.1723  3.6327    3.4268
2435.80   25.9591   92.8052   249.0721  4.0590    3.8820
2436.00   25.7879   92.6841   259.3242  4.0227    4.0729
2436.20   25.9222   93.2776   267.7144  3.7433    3.9750
2436.40   26.3813   93.3745   277.6764  3.4716    3.9555
2436.60   28.0156   93.0596   284.7368  3.2633    4.3079
2436.80   28.6401   93.5683   290.9750  3.0780    3.7964
2437.00   29.9728   94.0770   296.2703  2.9415    3.5932
2437.20   29.3035   94.1376   299.9940  2.9228    3.4953
2437.40   30.4494   94.0770   303.8627  2.8631    3.4072
2437.60   33.9397   93.6531   307.7556  2.8481    3.0694
2437.80   32.4436   93.4714   308.4809  2.9217    3.4292
2438.00   32.4027   94.1497   304.8540  2.9926    4.3275
2438.20   29.7529   93.6289   301.7832  3.1574    3.9457
2438.40   28.3307   93.0959   299.0510  3.3690    3.6275
2438.60   27.0798   93.2776   305.0475  3.4820    3.7401
2438.80   32.7276   93.5441   315.1544  3.3114    3.5296
2439.00   34.9825   93.9922   322.9402  2.9647    3.2554
2439.20   35.8599   94.3677   327.6794  2.8556    3.3264
2439.40   36.4163   94.8038   328.5982  2.8216    3.4243
2439.60   37.7743   94.8765   329.3719  2.8173    3.4512
2439.80   33.3969   94.4162   330.4117  2.8514    3.4561
2440.00   31.0739   93.4956   328.8158  2.8599    3.3313
2440.20   29.6556   92.7326   328.7433  2.9404    3.2554
2440.40   30.5953   92.2117   331.3546  3.0333    3.6103
2440.60   31.7724   92.9142   335.5861  2.9592    3.6642
2440.80   36.3852   92.7204   340.3736  2.8707    3.1771
2441.00   35.1868   92.5266   346.2733  2.8492    2.6508
2441.20   35.4747   92.5872   351.2543  2.7984    2.3889
2441.40   36.8152   92.7810   356.4529  2.7015    2.5456
2441.60   34.0875   92.7083   362.9330  2.6197    3.3582
2441.80   34.2023   92.4419   368.3008  2.5395    3.7939
2442.00   37.6576   92.6235   372.9432  2.4543    3.4488
2442.20   37.6946   93.1565   377.7791  2.4169    3.7743
2442.40   37.7004   94.0407   380.2213  2.5300    3.0816
2442.60   37.7121   94.7796   381.5269  2.6296    2.7536
2442.80   37.7296   95.3367   378.0693  2.4515    3.5442
2443.00   36.7957   94.5131   369.7032  2.4169    3.6250
2443.20   34.9300   92.9990   340.9781  2.5480    3.8453
2443.40   26.7743   91.8241   315.3479  3.0942    4.5894
2443.60   25.2276   91.6424   287.4932  4.9605    4.8072
2443.80   25.0311   92.4176   275.7904  5.4561    4.6506
2444.00   25.3502   92.8537   268.9959  4.3685    3.9848
2444.20   25.8444   92.8295   267.7386  3.8645    4.0166
2444.40   26.0875   92.3934   274.8957  3.4046    3.8869
2444.60   27.4689   92.1391   288.3395  3.1515    3.4635
2444.80   26.3054   92.0058   298.5190  2.9118    3.7474
2445.00   28.1362   92.2117   304.9507  2.6904    4.1415
2445.20   30.3988   93.3745   307.9490  2.5471    3.6226
2445.40   31.2276   94.1860   302.9680  2.4042    3.7376
2445.60   27.9630   94.2345   284.5917  2.5064    4.1121
2445.80   25.1984   92.5993   263.7249  3.0242    5.0667
2446.00   24.5078   90.5039   218.7028  4.3734    5.5146
2446.20   24.5661   85.3924   193.7254  5.0924    7.3724
2446.40   24.4047   78.7306   184.6582  10.7339   8.5914
2446.60   22.9280   71.6812   175.6151  11.2573   8.8875
2446.80   23.1518   75.3997   173.2213  9.2843    9.1519
2447.00   23.8424   82.4370   173.3422  5.5593    8.3074
2447.20   24.4591   87.9845   175.3007  5.3708    7.4972
2447.40   24.5370   90.2737   178.0814  4.8266    6.9171
2447.60   24.5370   92.0058   180.8136  4.8284    6.3297
2447.80   24.4747   93.1080   184.2229  4.7941    6.1853
2448.00   24.4339   93.4351   188.3092  4.5541    5.5171
2448.20   24.5136   93.4956   192.8308  4.4846    5.1548
2448.40   24.5681   93.3261   198.6097  4.3115    5.6590
2448.60   24.6012   93.3987   203.0587  3.8113    5.2405
2448.80   24.5603   92.9869   206.4196  3.6931    5.4485
2449.00   24.4689   92.2602   208.7167  3.6137    5.8035
2449.20   24.1751   92.1148   207.0725  3.5719    5.9063
2449.40   23.9455   92.5024   201.5838  3.5585    5.6590
2449.60   23.5700   92.1391   194.7652  3.8965    5.7618
2449.80   23.4805   91.7151   187.2937  4.5695    6.5989
2450.00   23.8268   91.9695   182.3853  5.2356    7.3822
2450.20   24.0953   92.4903   179.0727  5.9229    7.6049
2450.40   24.2879   92.1027   177.6461  5.7782    7.1154
2450.60   24.3132   91.1216   179.4354  4.8647    7.7836
2450.80   24.2471   89.2442   181.1521  4.0408    6.4668
2451.00   24.2860   86.9065   177.7187  3.8790    6.8315
2451.20   24.2529   81.1773   170.3923  3.9881    7.3259
2451.40   24.0953   67.8416   163.7913  4.9810    7.8571
2451.60   23.7023   58.6725   156.8518  8.9796    9.2008
2451.80   23.2296   51.2112   150.2750  11.2531   12.5835
2452.00   23.0759   44.3920   147.5911  11.7576   14.6787
2452.20   23.1732   43.6773   146.2854  10.6857   16.9012
2452.40   23.2938   44.0044   140.3131  9.9510    18.8863
2452.60   23.6323   44.0165   134.5826  10.6417   19.5447
2452.80   24.0389   44.0286   129.8676  20.9044   22.9470
2453.00   24.4280   46.7660   125.5395  21.5489   24.5258
2453.20   24.4416   51.6473   125.1285  16.2003   22.8736
2453.40   23.7393   54.5179   131.8745  11.6829   15.6725
2453.60   23.3405   53.7306   139.2734  10.2655   13.4867
2453.80   23.4514   51.2476   148.0747  9.1255    13.2958
2454.00   23.5973   52.8828   155.1109  6.7965    14.4976
2454.20   23.5798   44.3556   160.9382  6.7155    14.6004
2454.40   23.4572   27.4830   166.9588  8.1243    16.5243
2454.60   23.3152   23.7161   172.6652  9.9996    17.4055
2454.80   23.2685   20.4700   176.9207  10.4011   16.8327
2455.00   23.3327   19.2708   178.7584  9.9847    16.9991
2455.20   23.3541   20.3488   176.9933  10.5741   18.1569
2455.40   23.3230   23.1710   172.2299  10.2694   15.1316
2455.60   23.4319   36.7611   169.0141  11.6000   12.4440
2455.80   23.8658   59.3750   166.8863  9.1632    11.8027
2456.00   24.2665   64.6076   167.2732  6.4321    11.7391
2456.20   24.4047   66.4729   166.9347  6.2632    12.3485
2456.40   23.5914   59.3144   165.5806  6.1584    14.1917
2456.60   23.2977   43.4351   163.5737  7.8991    16.0445
2456.80   23.2685   35.0654   161.3250  12.9565   20.5360
2457.00   23.2821   23.4738   160.5755  15.7630   23.0449
2457.20   23.0992   19.5252   159.8501  16.4143   24.8072
2457.40   23.0156   17.4297   158.1092  16.4205   25.2478
2457.60   23.2451   16.1579   156.4166  15.5750   25.0520
2457.80   23.2802   15.4070   155.5220  15.5284   24.7216
2458.00   23.2626   15.0799   156.0297  15.4819   24.2688
2458.20   23.2743   14.8619   156.2957  14.3905   24.2565
2458.40   23.2743   14.6439   153.5876  14.6573   25.0398
2458.60   23.2743   14.6318   151.0246  14.9570   25.6272
2458.80   23.2490   15.4554   148.4858  14.6793   25.4069
2459.00   23.1381   16.6182   147.0108  14.8175   25.0275
2459.20   23.1401   17.3813   146.4063  15.7099   25.3947
2459.40   23.1498   17.5145   144.4236  16.3529   25.2234
2459.60   23.1284   19.4525   141.8364  13.5273   24.2565
2459.80   23.1829   23.8372   141.2803  10.1014   22.2861
2460.00   23.2646   28.0765   138.5964  8.9326    19.4346
2460.20   23.3385   33.5271   131.7778  10.9698   18.7492
2460.40   23.3599   35.7679   126.1923  13.1523   20.5972
2460.60   23.3988   33.3818   117.9472  13.9863   26.0556
2460.80   23.5272   33.5029   108.9041  15.6570   41.1210
2461.00   23.7665   35.7558   99.8610   35.1607   57.1778
2461.20   24.3346   38.7597   90.7453   66.3284   66.1853
2461.40   24.5272   42.8658   85.2324   140.2284  85.0691
2461.60   24.4728   46.4268   83.5157   176.7223  86.9539
2461.80   24.5019   50.9205   87.9647   44.9975   75.7802
2462.00   24.2977   53.5974   96.5967   28.5346   63.7009
2462.20   23.8093   54.8934   105.0837  20.0824   39.0283
2462.40   23.2374   54.9297   112.4101  12.5690   18.9989
2462.60   23.4903   58.1274   120.7036  7.4086    17.4128
2462.80   23.3930   61.2766   127.1837  7.5233    14.8795
2463.00   23.1751   58.8178   133.1802  9.6606    13.7217
2463.20   23.0817   51.9501   139.0316  12.2664   14.2161
2463.40   22.7996   51.1628   145.4875  9.4175    14.6910
2463.60   21.9008   50.5814   147.7362  9.2912    14.8232
2463.80   22.5253   51.8047   149.8882  11.8683   13.5944
2464.00   23.1518   59.6778   154.3372  11.2657   11.6730
2464.20   23.5720   68.3866   159.0038  8.8592    10.1016
2464.40   23.6537   72.5775   164.6134  6.7940    8.9218
2464.60   23.8949   74.9273   168.7239  5.9720    7.8522
2464.80   24.2607   79.9540   172.6168  5.3267    7.0762
2465.00   24.5175   84.9806   175.6634  5.0336    6.8633
2465.20   24.5934   85.6105   178.3715  5.1926    6.6210
2465.40   24.6420   86.3009   180.4751  5.6475    6.6920
2465.60   24.6226   89.2684   182.2886  4.5661    6.4398
2465.80   24.6304   91.0489   183.7152  4.3981    6.2856
2466.00   24.7082   91.8726   184.7307  4.4063    6.4668
2466.20   24.7918   91.9089   185.2868  4.3931    6.1363
2466.40   24.8132   92.6235   185.3594  4.2874    6.0580
2466.60   24.8307   93.4109   186.0122  4.0712    5.8230
2466.80   24.9397   94.0649   185.9880  3.8921    6.0286
2467.00   25.0272   94.1134   185.7221  3.8921    6.4056
2467.20   25.1109   92.9748   184.5614  3.8674    6.4154
2467.40   25.1615   90.2616   181.0312  3.8055    6.5451
2467.60   24.9027   81.8798   175.6392  3.8327    7.5535
2467.80   24.2588   76.6594   170.2231  4.7122    13.8735
2468.00   24.1226   52.9797   164.3233  11.7974   16.4362
2468.20   24.1479   47.6744   160.5997  13.4666   18.7859
2468.40   24.1362   42.3450   159.5599  14.3743   20.7808
2468.60   24.0564   35.3440   159.9468  14.0862   21.9557
2468.80   24.0019   31.8193   161.3492  14.6408   22.2984
2469.00   23.9767   29.3726   162.2197  13.5070   22.2372
2469.20   23.9358   27.7980   163.1627  12.2434   21.5763
2469.40   23.8794   26.4414   165.0970  11.6000   18.7664
2469.60   23.8366   25.4239   166.9588  11.1189   17.7604
2469.80   23.8035   24.9637   169.0383  10.8960   17.8950
2470.00   23.8580   25.0000   170.7550  10.9657   18.0639
2470.20   23.8794   25.4239   171.6738  10.9657   18.1251
2470.40   23.8580   25.9569   172.2058  10.9001   18.2842
2470.60   23.8482   26.8774   172.3025  11.0648   18.1887
2470.80   23.9280   27.7980   171.4079  11.0565   17.8681
2471.00   23.9728   28.3430   169.7395  10.7419   17.7922
2471.20   23.9786   28.4036   167.7084  10.9616   18.2450
2471.40   23.9514   27.6768   165.1454  11.2488   18.4947
2471.60   23.9339   26.6352   162.0262  10.9616   18.5167
2471.80   23.9339   25.7267   159.2698  11.0607   18.7713
2472.00   23.9436   25.3149   155.9088  11.5220   19.2608
2472.20   23.9708   25.7389   153.0798  11.5177   19.5154
2472.40   24.0739   25.5814   150.0816  10.9493   19.3685
2472.60   24.1401   26.3203   144.8347  10.2041   19.8262
2472.80   24.1109   26.9985   138.7656  10.2694   20.7710
2473.00   24.0467   27.5315   132.7208  11.8505   22.0903
2473.20   23.9825   29.4695   123.7986  15.6981   25.2478
2473.40   24.3482   33.2001   116.0612  24.3410   28.5277
2473.60   24.7354   39.7771   109.3877  36.5998   34.9406
2473.80   24.7335   43.1565   105.0837  37.4885   38.6489
2474.00   24.7549   44.9007   102.0129  21.9484   37.7065
2474.20   23.6323   40.3464   99.8126   16.8444   33.6556
2474.40   23.0292   33.9632   100.3929  13.5985   28.1728
2474.60   23.2198   30.3052   102.0371  17.4355   27.1693
2474.80   23.2899   27.9918   104.7210  20.4777   27.2916
2475.00   23.4086   26.9743   109.7262  24.0688   27.1448
2475.20   23.3249   27.9191   119.9541  21.4200   26.2514
2475.40   23.1926   31.0925   129.4566  16.8381   16.5732
2475.60   23.2626   36.2524   139.9021  11.0151   12.6594
2475.80   23.7082   47.6381   151.5082  9.0778    10.4687
2476.00   24.4669   64.2442   162.1230  6.6628    9.1788
2476.20   25.0739   82.4128   168.3129  4.6910    7.9794
2476.40   25.3502   88.2267   170.9726  4.3375    7.2819
2476.60   25.5195   90.0073   170.1989  4.0942    7.2500
2476.80   25.5992   89.7650   170.1989  4.6490    7.3381
2477.00   25.3405   87.9118   171.0693  5.1674    7.0860
2477.20   25.3093   88.8566   171.6013  5.5927    6.9588
2477.40   25.3093   91.4365   171.3353  5.6518    7.0224
2477.60   25.1984   92.2723   170.2714  5.2494    6.8951
2477.80   25.0992   90.7582   168.5305  5.1771    7.2109
2478.00   25.3288   87.7907   167.7809  5.7695    7.6612
2478.20   25.5292   84.3992   167.7084  6.7180    8.2536
2478.40   25.1498   80.7534   168.6030  7.8166    8.3735
2478.60   25.3171   80.1720   171.1177  6.8708    8.0039
2478.80   25.2588   84.0116   172.3750  5.8787    7.7224
2479.00   25.2140   86.9549   170.4890  5.2691    7.3847
2479.20   25.1965   89.4501   167.9744  5.0790    7.2402
2479.40   25.1965   90.5523   166.4994  5.4011    7.3259
2479.60   25.1751   90.9641   165.6048  5.4992    7.6808
2479.80   25.1770   90.7825   164.7343  5.3728    7.4850
2480.00   25.1459   92.2602   164.3233  5.3507    7.1276
2480.20   25.0739   92.3934   164.4684  5.5489    7.1888
2480.40   24.9280   91.9331   164.6134  5.8435    7.0787
2480.60   24.8035   92.4903   164.4684  5.4499    7.1570
2480.80   24.6907   92.3813   164.6134  5.6264    7.5952
2481.00   24.7101   91.7878   165.1212  5.6285    7.8203
2481.20   24.8132   92.9627   166.1609  5.5760    7.6955
2481.40   24.9300   92.2481   167.3215  5.7673    7.5560
2481.60   24.8891   92.9869   168.6998  5.6900    7.2696
2481.80   24.8268   94.5494   170.8275  5.3728    6.7507
2482.00   24.7743   95.2641   172.1091  5.2533    6.7678
2482.20   24.7335   95.4457   172.9795  5.2337    7.0102
2482.40   24.7023   94.9976   175.1798  4.9661    6.9318
2482.60   24.6848   94.9612   177.5978  5.2043    6.8339
2482.80   24.6809   95.3246   178.3715  4.7441    7.0934
2483.00   24.6770   95.1308   178.4199  4.8284    6.7874
2483.20   24.6732   94.7311   179.2420  4.8139    6.5084
2483.40   24.6770   94.4889   181.2247  5.0848    6.2710
2483.60   24.6829   95.7485   181.8292  5.5261    6.2367
2483.80   24.6829   96.0029   181.2005  4.7887    6.4447
2484.00   24.6848   96.0756   180.4509  4.7708    6.3713
2484.20   24.7043   95.9302   180.4509  5.0886    6.3542
2484.40   24.7354   95.8697   179.5321  4.9475    6.6136
2484.60   24.7568   96.3057   178.0572  4.7281    6.6528
2484.80   24.7471   96.2452   176.0986  4.8940    6.6381
2485.00   24.7432   95.5911   173.4873  5.3327    6.7556
2485.20   24.7588   94.6221   172.1332  5.3287    7.0273
2485.40   24.8210   93.9559   171.9156  5.1771    7.1766
2485.60   24.9300   93.7742   170.4648  5.2514    7.2231
2485.80   24.9553   94.1255   168.6998  5.4052    7.0811
2486.00   25.1284   94.4889   167.9018  5.2573    7.3455
2486.20   25.2257   94.5736   166.6929  5.1154    7.6563
2486.40   25.2062   94.7917   166.2818  5.3910    7.6319
2486.60   25.2198   94.9249   167.3215  5.8326    7.4434
2486.80   25.2588   95.0824   170.0296  5.5802    7.1570
2487.00   25.3171   94.7190   172.9312  5.2770    7.2476
2487.20   25.4008   94.7796   175.8569  5.0053    7.1325
2487.40   25.5078   95.4821   178.5891  4.7299    6.5524
2487.60   25.5272   95.0339   182.0710  4.5746    5.9528
2487.80   25.4358   94.8401   186.2298  4.1343    6.3787
2488.00   25.4475   96.6489   187.4229  3.8741    6.0926
2488.20   25.1176   97.0844   190.7123  3.8509    5.6529
2488.40   24.8323   97.5442   192.9375  3.6474    5.6138
2488.60   24.5975   97.2175   193.2761  3.7024    5.7555
2488.80   24.5704   95.8021   192.2603  3.6188    5.6626
2489.00   24.5917   93.7213   188.1969  3.8814    6.2611
2489.20   24.5490   88.2047   181.4972  4.5768    8.0322
2489.40   24.0619   78.8410   175.1844  5.8671    10.0085
2489.60   23.4137   63.3438   172.3062  11.9008   11.3057
2489.80   23.2856   52.6857   173.1044  10.6120   14.5181
2490.00   23.4253   46.3586   175.9826  10.4502   14.3447
2490.20   23.4603   46.8062   180.0943  9.7761    10.8440
2490.40   23.8174   54.4036   185.8266  8.4189    9.1951
2490.60   24.4656   61.7106   191.5105  6.3783    8.1031
2490.80   25.1002   75.6230   193.5180  4.4617    7.4460
2491.00   24.5374   79.6516   190.2286  4.4818    7.2481
2491.20   24.9449   77.0869   189.8174  5.0243    6.9940
2491.40   25.1157   78.8410   190.4704  4.2768    6.9183
2491.60   24.9643   79.2040   188.1485  4.1088    7.5950
2491.80   24.2598   70.1790   182.7549  4.7073    8.6332
2492.00   23.8969   62.5938   177.2645  6.2482    9.5957
2492.20   23.9493   59.5088   177.3612  8.3843    9.6861
2492.40   24.0386   59.8839   180.0218  6.4916    9.2879
2492.60   24.0716   62.5091   177.7724  5.0868    8.8237
2492.80   23.9571   64.8923   173.4188  5.0337    9.4833
2493.00   23.7184   57.7668   169.9359  6.1048    10.6413
2493.20   23.7184   52.6857   168.6540  9.1182    11.0224
2493.40   23.7882   54.9843   166.2837  6.7723    10.4996
2493.60   24.1240   60.1621   161.0594  5.0963    11.5060
2493.80   24.7237   65.4004   153.4648  5.7432    13.7608
2494.00   25.1758   71.1832   140.0169  10.8126   16.6459
2494.20   25.1933   73.3487   130.1487  22.8719   19.8754
2494.40   24.4073   70.6146   126.0128  24.6975   15.6932
2494.60   23.9260   68.9209   138.2271  10.9307   12.5907
2494.80   23.6427   70.6630   146.6925  6.8591    10.4116
2495.00   23.5728   71.0380   155.1820  7.7762    7.7562
2495.20   24.1744   76.3247   164.7841  6.8232    7.3116
2495.40   24.5296   81.8534   173.1769  5.0849    6.7937
2495.60   24.6946   86.3174   178.4980  4.2037    6.0779
2495.80   24.6868   89.4508   179.2720  3.8974    6.2587
2496.00   24.6072   91.8340   178.5222  4.2945    6.5787
2496.20   24.7023   93.1285   177.6757  4.2816    6.5005
2496.40   24.8032   93.3220   175.8133  4.4351    6.5861
2496.60   24.8013   92.0639   175.0635  4.8577    6.8157
2496.80   24.8207   91.9308   174.8216  5.0830    6.8328
2497.00   24.8110   92.9833   173.9267  4.9218    6.7326
2497.20   24.7508   93.8301   172.5239  5.0074    6.6740
2497.40   24.6596   94.2899   171.8708  5.2005    7.0258
2497.60   24.6150   94.1084   171.8950  5.2258    7.0282
2497.80   24.5820   93.8906   172.3304  5.1752    7.0184
2498.00   24.5801   93.7455   173.1527  5.0640    6.4248
2498.20   24.5878   93.8301   175.0877  4.8595    6.5103
2498.40   24.5878   94.1810   176.4663  4.7855    6.5421
2498.60   24.6111   94.5318   177.1194  4.7622    6.2978
2498.80   24.6266   94.6770   177.1436  4.6164    6.1732
2499.00   24.6072   94.8585   176.7082  4.5240    6.3686
2499.20   24.5956   95.0157   175.3779  4.4886    6.7180
2499.40   24.6460   94.7980   173.2011  4.5649    7.0429
2499.60   24.7625   94.0600   170.4680  5.0093    7.0404
2499.80   24.8770   93.2132   166.8642  5.0488    7.3018
2500.00   24.9546   93.2737   162.9218  5.5010    7.5608
2500.20   25.0167   93.3946   159.5114  6.3855    7.4679
2500.40   25.0982   93.2495   157.1169  6.7369    7.2017
2500.60   25.1700   93.1164   159.1970  5.5946    7.4118
2500.80   25.2108   93.1164   163.0911  5.2219    7.4582
2501.00   25.2205   92.9833   166.3563  4.7604    6.8084
2501.20   25.2884   92.6325   167.8559  4.8961    6.6593
2501.40   25.3098   92.4389   168.4363  5.2533    6.8890
2501.60   25.3001   92.6930   169.4280  5.2083    6.6838
2501.80   25.2903   93.8422   172.0885  5.0224    6.5494
2502.00   25.2263   94.7980   175.7891  5.0186    6.4321
2502.20   25.2166   95.2335   174.7491  4.8778    6.2269
2502.40   25.2360   95.7779   175.7649  4.9108    6.3051
2502.60   25.2457   95.7416   178.3529  4.9311    6.4395
2502.80   25.2050   94.8827   179.3204  4.7998    6.3198
2503.00   25.0458   94.6891   180.9409  4.6564    6.0804
2503.20   24.9022   95.1367   183.0209  4.4384    6.0462
2503.40   24.7644   94.4955   182.1986  4.5054    6.0535
2503.60   24.6441   93.5640   178.8366  4.5923    6.2416
2503.80   24.5742   94.0116   183.3837  4.7498    6.1219
2504.00   24.5296   95.0157   187.2536  4.9440    5.8068
2504.20   24.5141   96.2981   189.3095  4.5631    5.7286
2504.40   24.5509   96.7578   190.1076  4.4567    5.6895
2504.60   24.6829   97.0360   190.7849  4.4284    5.8043
2504.80   24.7819   96.5521   190.7849  4.2227    5.6700
2505.00   24.9061   95.8747   187.1085  4.2640    6.1219
2505.20   25.0555   94.5802   182.7549  4.8888    6.4590
2505.40   25.2147   93.2132   178.4980  6.1692    6.8279
2505.60   25.2380   91.8945   174.1928  5.7453    7.2725
2505.80   25.1603   91.4348   175.3779  5.1231    6.8816
2506.00   25.1409   93.0801   177.5789  4.9644    6.2025
2506.20   25.2050   93.9027   180.3120  4.7909    6.1219
2506.40   25.3136   94.2173   183.0451  4.5359    5.9265
2506.60   25.4068   95.0641   185.7540  4.4718    6.0169
2506.80   25.4786   95.8384   187.5438  4.5512    6.0144
2507.00   25.4592   96.1771   187.7132  4.7658    5.8434
2507.20   25.3951   96.1892   186.9392  4.8142    6.1317
2507.40   25.2942   95.9835   186.4312  4.7196    5.9851
2507.60   25.1817   95.6811   185.8991  4.7998    5.9802
2507.80   25.1215   95.3424   185.5605  4.6739    6.1317
2508.00   25.1526   95.1125   185.2219  4.5376    6.2416
2508.20   25.1836   94.5439   184.6656  4.6739    6.1756
2508.40   25.2166   94.8343   183.8675  4.8323    6.0315
2508.60   25.3796   95.2819   183.7949  4.6061    6.0071
2508.80   25.4592   95.6327   182.3921  4.4768    6.1781
2509.00   25.4204   95.3545   181.0618  4.7498    6.4224
2509.20   25.3156   94.4834   178.9576  5.0621    6.2953
2509.40   25.1681   93.9511   177.7724  5.2161    6.3295
2509.60   24.9992   93.8060   177.0226  5.0754    6.3271
2509.80   24.8789   93.8664   176.7324  4.8888    6.5812
2510.00   24.8964   93.7455   176.9017  4.8251    6.2978
2510.20   24.9274   93.6608   177.2403  4.8070    6.1341
2510.40   24.9080   93.3704   177.5789  4.7783    6.3735
2510.60   24.9061   92.9228   178.6915  5.0375    6.4273
2510.80   24.9468   92.9833   180.5781  4.9924    6.1634
2511.00   25.0128   94.3745   182.5130  4.5274    6.0462
2511.20   25.0478   94.9794   183.7949  4.2592    5.8141
2511.40   25.0381   95.2335   184.3512  4.2864    5.8312
2511.60   25.0148   95.3424   184.5447  4.4734    6.1097
2511.80   25.0148   95.5238   184.4479  4.6861    6.0291
2512.00   25.0148   95.6327   184.6414  4.6199    5.9338
2512.20   25.0070   95.6327   184.7624  4.6113    6.2929
2512.40   24.9934   95.3182   183.8191  4.6651    5.8654
2512.60   24.9798   95.1004   182.7549  4.6879    5.9704
2512.80   24.9798   95.0883   182.8758  4.9255    6.2050
2513.00   24.9798   95.4029   183.5530  5.0526    6.2978
2513.20   24.9701   96.3586   183.8191  4.5444    6.1243
2513.40   24.9682   96.8062   183.6498  4.0144    6.1903
2513.60   24.9682   96.2739   183.1902  4.2053    5.9216
2513.80   24.9663   95.8747   183.1177  3.4198    6.0633
2514.00   24.9663   95.6206   182.5614  3.2160    5.7970
2514.20   24.9643   95.2819   181.4246  3.4649    5.7457
2514.40   24.9333   94.5318   180.4329  3.6147    5.8459
2514.60   24.8828   93.0075   178.6915  3.5972    6.4834
2514.80   24.7140   88.8580   175.3295  4.0462    7.4606
2515.00   24.4132   76.2642   170.6373  5.2573    9.3221
2515.20   24.0464   57.5490   165.4614  6.4673    10.6119
2515.40   23.7514   43.6366   160.0435  10.1645   12.4563
2515.60   23.4913   36.2812   158.4956  11.6538   14.4033
2515.80   23.3788   31.7929   158.1086  12.8411   15.9106
2516.00   23.2875   29.1556   157.5281  12.1168   17.2908
2516.20   23.3399   26.8207   155.3997  11.7590   18.7492
2516.40   23.3205   25.0665   151.7717  12.3644   19.5676
2516.60   23.2487   25.0060   147.4906  12.6739   20.5692
2516.80   23.2274   26.4215   142.5807  12.1850   21.9861
2517.00   23.3438   28.9620   136.5099  12.8363   24.0381
2517.20   23.7261   32.2889   129.7376  13.9338   25.9924
2517.40   24.2074   36.6199   123.9569  16.2286   26.6154
2517.60   24.9216   40.0315   118.0796  20.3338   24.4534
2517.80   24.9643   41.0477   119.4582  11.2506   21.2776
2518.00   24.6092   39.1967   124.2472  9.0028    19.2989
2518.20   24.1686   37.1401   128.4073  9.3219    18.7126
2518.40   23.8853   34.9988   132.8093  10.6358   19.2622
2518.60   23.7785   32.7002   136.7759  11.6146   20.1783
2518.80   23.8329   30.5589   140.4523  12.0896   20.8501
2519.00   23.9066   29.3128   141.8551  12.2583   21.2654
2519.20   23.9222   28.6838   141.7584  13.0106   21.4242
2519.40   23.9551   28.9983   141.8309  13.3263   21.4242
2519.60   23.9823   29.7484   142.4356  13.2268   21.6441
2519.80   23.9765   30.7525   143.1128  12.9135   21.6685
2520.00   24.0444   31.7203   142.8468  13.1133   21.2043
2520.20   24.0852   32.5550   142.0728  12.1032   20.7524
2520.40   24.0328   33.2567   141.1779  11.8430   20.8501
2520.60   24.0405   33.8495   140.1620  12.2997   21.5341
2520.80   24.0968   34.0068   138.1304  12.9765   22.0349
2521.00   24.0250   33.7527   136.3164  13.1922   22.4014
2521.20   23.9571   33.4140   135.1796  13.0888   22.5479
2521.40   23.9357   33.1478   133.9702  13.3463   22.5357
2521.60   23.9454   32.9906   132.9786  12.3505   22.0227
2521.80   23.9823   32.9422   131.8176  11.3394   21.7540
2522.00   24.0211   33.4866   130.7292  11.1249   22.0716
2522.20   24.0037   33.9463   128.6975  11.6102   22.5846
2522.40   23.9629   35.1077   124.4165  11.8120   22.5724
2522.60   23.9396   36.4505   119.7485  11.9814   22.1204
2522.80   24.0192   37.9143   116.5074  10.8858   21.8639
2523.00   24.2657   40.6000   111.7910  8.8291    24.1725
2523.20   24.1570   44.1447   105.3574  14.0649   31.1469
2523.40   24.5529   45.7053   93.7235   47.3588   41.1506
2523.60   25.1060   45.9473   85.3308   95.0242   93.1599
2523.80   25.5543   47.1933   80.0097   114.4264  97.3861
2524.00   25.4301   49.2862   76.0672   204.4982  100.3298
2524.20   25.3641   52.9639   73.4551   227.8797  96.9586
2524.40   25.3330   57.1377   74.9063   173.0989  61.0969
2524.60   25.3098   61.8558   79.4292   16.9811   35.1655
2524.80   25.2845   65.4972   86.8303   10.4307   23.2930
2525.00   25.2147   67.0336   95.8278   6.9522    21.6441
2525.20   25.0070   58.3958   102.3582  8.5428    20.0562
2525.40   24.6130   48.0039   107.8970  11.8032   20.0440
2525.60   24.3336   39.5233   111.5733  12.7740   20.2883
2525.80   23.8465   37.2369   116.9912  12.6691   20.1417
2526.00   23.9183   36.7772   118.0070  11.9276   19.7753
2526.20   23.9299   37.0191   116.7977  11.3394   18.5391
2526.40   23.6485   35.3254   116.7735  12.4294   18.4854
2526.60   23.3186   34.0794   117.8135  13.3213   17.1858
2526.80   23.1672   33.4866   121.3206  10.8939   16.3479
2527.00   22.8587   34.5754   124.4165  9.4450    16.0156
2527.20   23.0566   35.8456   128.3831  9.5374    15.6883
2527.40   23.2720   37.0917   132.5190  10.8858   15.0507
2527.60   23.4001   38.2047   137.1145  11.1207   14.2543
2527.80   23.4777   39.6685   142.3630  9.3956    13.4457
2528.00   23.5185   41.7251   148.4581  8.7239    12.5589
2528.20   23.5088   45.2335   154.7950  8.4537    11.3912
2528.40   23.4544   51.1977   161.6157  7.7937    10.1796
2528.60   23.4312   58.8918   167.2512  8.4822    9.6592
2528.80   23.4622   64.4689   170.4438  6.2179    9.4271
2529.00   23.7417   68.6547   173.1527  5.0906    8.6601
2529.20   24.1977   69.9734   175.3779  5.6897    8.6772
2529.40   24.3511   62.5938   176.5631  6.4383    8.9996
2529.60   24.0813   59.4241   177.0952  7.1584    9.2342
2529.80   23.9513   59.1822   177.6998  7.6233    9.1389
2530.00   23.8348   61.0936   178.9092  7.0837    8.9141
2530.20   23.7572   64.6625   180.0943  6.2459    8.8018
2530.40   24.1434   68.4249   178.7641  5.6366    9.0070
2530.60   24.6150   62.8599   176.8291  6.3283    9.0216
2530.80   24.9139   60.7670   176.1277  9.0400    9.0851
2531.00   23.9008   67.5901   178.4013  5.7089    9.0460
2531.20   23.4739   76.3247   178.4013  4.5138    8.7529
2531.40   24.3782   76.6997   176.8049  5.6240    7.7928
2531.60   24.6169   73.9535   178.1594  6.0706    7.3604
2531.80   23.6990   78.5628   179.5622  4.7020    7.2188
2532.00   24.0095   79.4822   178.4496  5.2180    6.9183
2532.20   24.1764   82.5550   178.5464  4.9218    7.0136
2532.40   23.9998   86.0876   175.8375  4.2274    7.2554
2532.60   24.5238   84.6480   173.9267  5.1154    6.9525
2532.80   25.0148   85.1319   173.9267  5.6219    6.9623
2533.00   24.5199   87.2248   171.6048  4.4818    7.6072
2533.20   24.8673   87.5272   165.1953  4.4634    8.4646
2533.40   25.3272   64.7351   157.1895  5.7497    9.6665
2533.60   25.5407   63.3801   153.3196  13.0448   11.9067
2533.80   24.9061   66.3562   156.5848  12.9135   13.4359
2534.00   23.9881   73.0704   162.3896  7.3651    10.0452
2534.20   23.8348   79.6758   164.7358  5.3969    9.7374
2534.40   24.3084   81.0307   161.3738  7.7442    8.9703
2534.60   25.2535   76.8812   166.8400  7.4372    7.7977
2534.80   24.8537   80.7767   172.6932  4.6320    7.3995
2535.00   24.5238   86.1723   174.7249  4.0949    6.8597
2535.20   25.1215   91.4711   173.8542  4.1459    6.5225
2535.40   25.4883   93.7213   172.9592  4.4701    6.6178
2535.60   25.5698   94.1447   173.0560  4.7998    6.5079
2535.80   25.5291   93.9874   173.2253  5.0716    6.4419
2536.00   25.4029   93.7939   172.8383  5.2711    6.8181
2536.20   25.3195   93.9269   173.0076  5.2691    7.1577
2536.40   25.2535   94.1568   173.5639  4.9274    6.7644
2536.60   25.3292   94.3383   174.6765  4.9034    6.3662
2536.80   25.3893   94.4955   175.2570  4.8687    6.2953
2537.00   25.3311   94.4592   175.4747  4.7622    6.4712
2537.20   25.2942   94.5076   175.8858  4.6320    6.6398
2537.40   25.3059   94.9552   176.1519  4.7073    6.6667
2537.60   25.3466   95.4875   175.7891  4.8486    6.8719
2537.80   25.3563   95.4996   174.4830  4.9459    6.6300
2538.00   25.3660   95.6085   173.3946  4.8998    6.2856
2538.20   25.2496   95.6206   173.6123  5.0659    6.4590
2538.40   25.2535   95.3061   175.0151  4.8924    6.5738
2538.60   25.2535   95.0036   176.9501  4.6044    6.3735
2538.80   25.2690   94.6407   178.6431  4.6372    6.3662
2539.00   25.2535   94.6286   180.1185  4.8179    6.3564
2539.20   25.2457   94.9794   180.9892  4.7909    6.0095
2539.40   25.2981   95.5117   181.1102  4.4852    6.2392
2539.60   25.4243   95.8989   180.5539  4.7020    6.5372
2539.80   25.5426   96.2134   180.6748  4.8070    6.3418
2540.00   25.5756   96.4554   181.4730  4.7373    6.4346
2540.20   25.5543   96.2497   182.5130  4.6844    6.5299
2540.40   25.5834   96.0561   182.8032  4.7214    6.0511
2540.60   25.6668   96.1408   182.8032  4.9255    5.5527
2540.80   25.8570   96.2134   183.2386  4.7694    5.8727
2541.00   25.6222   96.0319   184.4479  4.6564    6.2685
2541.20   25.5504   95.8747   185.3187  4.7090    6.1805
2541.40   25.6106   96.0077   186.0685  4.8341    6.2001
2541.60   25.4495   96.1892   187.5197  4.7712    6.1292
2541.80   25.3796   96.3707   189.1402  4.5683    5.9289
2542.00   25.3408   96.8304   190.8332  4.5071    6.0169
2542.20   25.1642   96.8183   192.9859  4.3970    6.2001
2542.40   25.1506   96.6005   195.5255  4.2592    5.9949
2542.60   25.1079   96.9030   197.9925  4.2945    5.4990
2542.80   25.0730   97.1207   200.2419  4.3642    5.2718
2543.00   25.2399   96.6610   202.4912  4.2624    5.2522
2543.20   25.4378   96.7578   204.7164  4.0205    5.3866
2543.40   25.6009   96.9393   206.4337  3.7149    5.2596
2543.60   25.7387   96.5884   207.4979  3.6831    4.9860
2543.80   25.7872   96.4796   206.4579  3.7289    5.1936
2544.00   25.7794   96.5279   204.4020  3.6528    5.8043
2544.20   25.7949   96.7820   201.7656  3.7289    5.6602
2544.40   25.7251   97.1328   197.6297  3.9622    5.8288
2544.60   25.6300   97.2175   188.0518  4.3937    6.0511
2544.80   25.5582   96.9030   178.7157  4.9403    6.4053
2545.00   25.4999   96.2255   172.6690  5.0036    6.9891
2545.20   25.5349   95.4512   164.1069  5.6366    7.6634
2545.40   25.5756   94.5318   158.0119  6.6367    8.1055
2545.60   25.5931   93.6487   155.5690  6.8926    7.9932
2545.80   25.6047   93.4188   154.9885  6.4239    8.6967
2546.00   25.5640   93.2858   156.1737  5.7842    7.9712
2546.20   25.5659   93.3583   156.8267  5.7003    7.7196
2546.40   25.5718   93.7818   157.4314  5.6620    7.5339
2546.60   25.5718   94.4955   159.6082  5.3107    7.3775
2546.80   25.5601   95.6569   162.8492  5.1520    7.2163
2547.00   25.5291   96.6610   167.2512  4.9440    6.7546
2547.20   25.4340   97.2901   172.2578  4.7302    7.0893
2547.40   25.2380   97.4595   175.3295  4.8287    6.9745
2547.60   24.9527   96.9272   178.4496  5.0149    6.5592
2547.80   24.6557   96.7336   181.5455  4.9053    6.4468
2548.00   24.4908   96.7336   184.1819  4.7002    6.0388
2548.20   24.4481   97.0119   186.6973  4.5461    5.8068
2548.40   24.4578   97.4232   189.2369  4.4317    6.0095
2548.60   24.4675   97.6772   192.4537  4.4651    6.4150
2548.80   24.5063   97.5442   195.8157  4.6564    6.2123
2549.00   24.5063   97.7256   198.7181  4.7747    6.3100
2549.20   24.4656   97.2659   201.4270  4.5003    5.8678
2549.40   24.4015   96.8909   204.4504  4.9980    5.5625
2549.60   24.3491   97.2417   209.6505  3.7038    5.3426
2549.80   24.4229   97.6288   214.9716  3.7135    5.2131
2550.00   24.5704   97.3506   216.3986  3.8770    5.1447
2550.20   24.6713   97.1570   217.4386  3.7527    5.2620
2550.40   24.7120   97.3990   219.6396  3.8423    5.9118
2550.60   24.8420   97.2054   219.6154  3.5450    5.7408
2550.80   24.9352   96.2255   215.1893  3.6256    5.4232
2551.00   25.0089   94.6891   206.1434  3.9651    5.8752
2551.20   25.0148   92.6809   187.1327  5.7497    6.7571
2551.40   24.9546   91.5558   178.1110  6.9366    7.5876
2551.60   24.9216   91.9308   176.0310  7.3019    7.1235
2551.80   24.9042   93.7697   176.6598  5.0906    7.0942
2552.00   24.7838   94.7375   178.2078  5.0602    6.9061
2552.20   24.7644   95.5238   178.4980  4.9200    6.6716
2552.40   24.7547   96.0682   179.5138  4.6634    6.5274
2552.60   24.6596   96.2376   180.8441  4.5427    6.4492
2552.80   24.5859   95.8263   178.1594  4.6095    6.6716
2553.00   24.5975   94.9915   173.6848  4.7927    7.1699
2553.20   24.6053   93.2858   168.4121  5.3167    8.1984
2553.40   24.5956   91.3380   163.2604  8.2596    8.2301
2553.60   24.5354   91.3259   163.0185  10.8858   7.9419
2553.80   24.5762   93.0801   167.2028  7.0704    7.9223
2554.00   24.6519   94.3987   169.8633  5.3466    7.4215
2554.20   24.6732   95.1004   169.0168  5.1501    7.2163
2554.40   24.6849   95.1004   173.5881  5.3707    6.9012
2554.60   24.7470   94.6165   178.3529  5.3627    6.6789
2554.80   24.7722   95.0520   182.3679  4.8924    6.0120
2555.00   24.8653   95.5964   185.6331  4.7055    5.7872
2555.20   24.9740   96.1892   188.1727  4.6879    6.0975
2555.40   24.9701   96.4796   189.6965  4.5854    6.4859
2555.60   24.9604   97.8829   189.4788  4.8106    6.3173
2555.80   24.9003   98.1732   188.2453  5.1966    6.1146
2556.00   24.8440   97.6046   190.0592  5.2102    5.9362
2556.20   24.7877   97.3385   192.6956  4.6616    5.8703
2556.40   24.7392   97.6772   193.8324  4.4835    5.9631
2556.60   24.7178   97.2659   194.2436  4.4785    6.2001
2556.80   24.6984   96.8062   194.2436  4.3187    6.2953
2557.00   24.6577   96.6610   193.8082  4.4268    6.2172
2557.20   24.5781   96.5884   193.2035  4.7373    6.1146
2557.40   24.5374   96.6489   191.6314  4.3691    6.0633
2557.60   24.5082   96.3949   188.8015  3.9105    6.3369
2557.80   24.4578   95.3303   178.8366  4.5889    7.1015
2558.00   24.3084   89.6806   169.1861  13.9651   8.1764
2558.20   24.0386   77.6434   166.5981  14.5744   9.7374
2558.40   23.5068   81.7687   174.2169  10.8532   8.8848
2558.60   23.2274   90.3823   189.6965  5.4213    7.6951
2558.80   23.2856   96.0924   189.8900  3.9047    6.8084
2559.00   23.6039   97.7498   186.3103  3.8509    6.2098
2559.20   24.3394   98.2458   183.8675  4.1912    6.5079
2559.40   24.6111   97.3869   182.2711  4.0796    6.6496
2559.60   24.6654   96.9998   179.6348  4.1350    6.8352
2559.80   24.7838   97.1328   172.1853  4.2022    7.8075
2560.00   24.9022   96.1892   163.5264  5.0602    8.8115
2560.20   25.0148   93.4793   149.8125  12.7214   9.2171
2560.40   25.0982   90.4186   151.4572  15.1534   8.7895
2560.60   25.0284   89.9468   158.8584  12.6123   9.1047
2560.80   24.8944   92.4994   161.9785  4.6130    8.0225
2561.00   24.8013   87.7934   160.0677  4.8179    7.9394
2561.20   24.6111   78.8652   162.7524  6.3118    8.1642
2561.40   24.0929   69.0419   168.9201  8.8324    8.9508
2561.60   23.3749   70.5420   175.2328  5.7583    8.9117
2561.80   23.5670   74.3770   176.1035  6.4167    8.5306
2562.00   23.9202   70.6146   178.3771  8.3186    8.0982
2562.20   23.3982   76.6030   183.9158  7.5749    7.5461
2562.40   23.6369   88.3015   187.5680  5.0205    6.8694
2562.60   24.0852   93.9269   188.1485  4.5155    6.1366
2562.80   24.3899   96.4191   186.5522  4.2227    6.0462
2563.00   24.3627   97.4111   184.5689  4.1103    6.3442
2563.20   24.3860   97.7377   182.4163  4.2656    6.5909
2563.40   24.4753   97.6046   180.0943  4.5992    6.5372
2563.60   24.5801   96.0077   178.0626  4.8614    6.4175
2563.80   24.6810   93.9027   175.1119  5.1250    6.4346
2564.00   24.7664   93.6366   172.7174  5.1694    6.4712
2564.20   24.8246   94.6770   171.0001  5.2258    6.8914
2564.40   24.8343   95.1972   169.4280  5.3889    7.1333
2564.60   24.8129   95.4150   167.5898  5.3627    7.0942
2564.80   24.8129   95.3424   165.6549  5.3768    7.3482
2565.00   24.8207   94.6165   163.2604  5.5196    7.6756
2565.20   24.8420   93.8422   161.3254  5.6240    7.7464
2565.40   24.8440   93.3220   160.0677  5.6982    7.6072
2565.60   24.8304   93.0317   159.0519  5.7346    7.4264
2565.80   24.7819   93.1164   158.6649  5.6177    7.2676
2566.00   24.6480   93.3583   158.4472  5.5841    7.3336
2566.20   24.6422   93.7818   158.1812  5.6366    7.5363
2566.40   24.6616   94.2415   158.0844  5.7303    7.6927
2566.60   24.6402   94.3624   158.4472  5.7994    7.6756
2566.80   24.5665   94.8343   158.6165  5.6599    7.5046
2567.00   24.5490   95.1851   158.8826  5.5134    7.3262
2567.20   24.5859   95.2335   159.0761  5.5010    7.2603
2567.40   24.6266   95.2577   159.2937  5.5736    7.3751
2567.60   24.6363   95.4754   159.5598  5.6514    7.3507
2567.80   24.5529   95.0883   160.0919  5.6493    7.3336
2568.00   24.5005   94.3020   160.7449  5.6451    7.4337
2568.20   24.4733   93.5882   161.5189  5.6261    7.4386
2568.40   24.4558   93.1164   161.8092  5.7410    7.3849
2568.60   24.4248   93.0196   162.3171  5.9290    7.2920
2568.80   24.4364   93.5398   162.6799  6.0095    7.2114
2569.00   24.4694   94.4108   163.3329  5.8212    7.3360
2569.20   24.6033   94.9431   163.9134  5.5528    7.2578
2569.40   24.7722   95.1367   164.8325  5.5674    7.3287
2569.60   24.9022   94.9068   165.6307  5.6918    7.8759
2569.80   24.9798   94.7012   166.3805  5.5987    7.3922
2570.00   24.9410   94.7617   167.3721  5.4457    7.2065
2570.20   24.8944   95.6327   168.7024  5.2948    6.9842
2570.40   24.9158   95.9352   170.3713  5.2455    6.6764
2570.60   24.9255   95.7295   172.6932  5.1443    6.3808
2570.80   24.9042   96.1771   175.6198  4.9108    6.3906
2571.00   24.8634   96.9635   177.4096  4.8523    6.6032
2571.20   24.8052   97.1328   178.6189  4.8305    6.2880
2571.40   24.6907   97.7014   179.3445  4.8450    6.3271
2571.60   24.5121   97.6167   180.0701  4.9812    6.4150
2571.80   24.3103   97.2175   180.7474  5.1810    6.3760
2572.00   24.3258   97.6288   181.4972  5.2005    6.4590
2572.20   24.3821   97.9676   182.7065  4.7980    6.4615
2572.40   24.3588   98.0402   183.8433  4.4902    6.1195
2572.60   24.3976   97.5200   184.9075  4.6130    5.9924
2572.80   24.5024   97.7377   184.0609  4.7427    6.4419
2573.00   24.5956   96.9514   182.7065  4.8378    6.6325
2573.20   24.7101   96.4554   181.8358  4.9570    6.3637
2573.40   24.8110   96.7336   181.4730  5.1404    6.4077
2573.60   24.8518   96.9635   181.4004  5.1636    6.3857
2573.80   24.8886   96.3828   182.6581  4.9163    6.6374
2574.00   24.9119   96.6368   186.0926  4.8632    5.7408
2574.20   24.8925   97.3143   191.5588  4.6616    5.7750
2574.40   24.8459   97.6772   194.1710  4.5957    6.0511
2574.60   24.7508   97.8103   197.2185  4.6651    5.7750
2574.80   24.6616   97.6288   199.9516  4.3839    5.6895
2575.00   24.6053   97.3869   203.3861  4.2227    5.3597
2575.20   24.5471   97.6046   206.9658  4.0919    5.0397
2575.40   24.4694   97.9071   210.3035  3.7880    5.1325
2575.60   24.4209   97.5079   213.2301  3.6474    5.3133
2575.80   24.4093   97.2054   216.0600  3.5985    5.3499
2576.00   24.3352   98.9731   218.5762  3.5870    5.5280
2576.20   24.3468   98.5260   217.1221  3.5964    5.6154
2576.40   24.3256   98.8885   213.0264  3.6453    5.9068
2576.60   24.3043   98.5260   207.6704  3.8203    5.9238
2576.80   24.2851   97.5353   200.9088  4.0218    6.0816
2577.00   24.2677   97.3299   194.8743  3.9575    6.3632
2577.20   24.3159   96.7621   187.3372  3.8046    6.9192
2577.40   24.4200   94.8290   173.2324  3.8332    8.0019
2577.60   24.5202   90.1897   162.3993  6.0811    9.1600
2577.80   24.4431   81.2009   148.0521  8.4188    10.5851
2578.00   23.9458   71.8135   135.1106  9.3935    12.4423
2578.20   23.3907   66.4009   124.1563  11.0837   14.7997
2578.40   23.3675   64.8907   113.2748  12.4929   17.3222
2578.60   23.4562   63.8879   99.1942   14.7297   18.4729
2578.80   23.4427   60.2151   92.2629   13.8715   19.6383
2579.00   23.4523   61.3386   93.0385   11.0546   20.0655
2579.20   23.4466   65.3135   91.5601   12.9997   20.9517
2579.40   23.3039   67.8628   86.4465   15.3445   21.9835
2579.60   23.0977   67.2466   83.4414   23.9262   19.3032
2579.80   23.2249   69.9166   85.4771   25.8779   17.2081
2580.00   24.0114   76.0300   91.4874   14.4885   15.5523
2580.20   23.8629   79.7632   97.4493   8.2965    14.6977
2580.40   23.7299   85.0187   99.4608   7.3166    14.2340
2580.60   23.1940   83.1340   99.8485   8.1454    13.6028
2580.80   22.8683   75.7038   100.8422  9.0171    14.1539
2581.00   22.6524   70.1462   102.3932  10.0838   14.3797
2581.20   22.8066   65.7243   102.5629  10.8329   14.5399
2581.40   23.1169   61.2662   103.0960  11.2218   14.3579
2581.60   23.3058   57.7504   104.0170  10.6396   13.6004
2581.80   23.4003   57.3034   106.5374  10.5601   12.9546
2582.00   23.5121   61.2903   109.4456  9.9411    12.8818
2582.20   23.5699   64.9994   112.3054  9.1604    12.4860
2582.40   23.4658   69.2159   114.9712  9.5571    11.7286
2582.60   23.2442   71.2094   117.4917  10.3521   10.8764
2582.80   23.3617   70.6899   120.7392  8.0211    10.5948
2583.00   23.6779   76.1870   125.4165  6.5476    10.2476
2583.20   24.0441   82.6870   129.5123  6.1569    9.6140
2583.40   24.2793   86.0094   131.7177  6.0470    9.2498
2583.60   24.3390   87.7250   133.3899  5.8440    9.8495
2583.80   24.2099   87.3022   133.9958  6.1522    10.2549
2584.00   24.1791   85.3449   134.0927  7.2266    10.3884
2584.20   24.2716   81.6359   134.3351  8.2655    10.1748
2584.40   24.3140   78.8450   134.1412  6.9840    10.1797
2584.60   24.3333   81.0318   133.0021  6.2500    10.2525
2584.80   24.2369   83.6173   132.0327  6.3231    10.4030
2585.00   24.1463   84.1368   131.2330  6.1846    10.7186
2585.20   24.2504   84.1972   130.6028  6.0652    10.4491
2585.40   24.2812   86.2027   128.6156  6.0402    10.6288
2585.60   24.5973   87.3626   124.5683  6.1939    12.6875
2585.80   24.7323   87.2055   116.6677  7.3800    16.1156
2586.00   24.4605   79.7874   109.5910  11.3872   18.7546
2586.20   23.4986   72.2242   100.4302  22.1467   24.5448
2586.40   22.9261   56.8080   88.6519   25.9362   29.7766
2586.60   22.6350   45.6566   78.5701   34.1589   36.5137
2586.80   22.6254   41.7663   71.0573   40.8532   43.6392
2587.00   22.9107   38.8305   65.7013   46.7259   45.3508
2587.20   23.0263   39.4104   63.2293   29.9105   42.8623
2587.40   22.6350   41.8630   62.9143   13.2509   38.0432
2587.60   22.8972   44.1827   63.6171   13.4210   35.7732
2587.80   23.3868   47.8313   63.3505   17.2565   35.7368
2588.00   23.5834   51.8183   60.8543   21.0845   36.7201
2588.20   23.4562   50.7793   58.8428   28.3587   38.6987
2588.40   23.4639   47.5051   58.3096   23.0365   40.5924
2588.60   23.1709   45.4150   58.9640   24.9437   39.2814
2588.80   22.9550   45.0042   59.7395   23.3936   38.9051
2589.00   23.1401   46.8165   60.4908   19.0318   37.8611
2589.20   22.9377   50.6343   61.4117   23.8277   36.3923
2589.40   22.8220   53.0627   62.7204   13.4664   35.6276
2589.60   23.0688   55.1408   64.1260   13.1420   36.2467
2589.80   23.1324   57.7746   60.9997   16.3551   45.9456
2590.00   23.3290   54.4038   52.6386   143.9505  61.4227
2590.20   24.2157   49.2449   47.6462   249.6940  78.7084
2590.40   24.6378   45.0646   44.2290   288.6042  87.7519
2590.60   24.6957   41.3314   41.5147   158.4027  86.4773
2590.80   24.2041   38.9151   39.7213   77.3947   78.4414
2591.00   23.5314   36.6558   39.0427   51.5910   73.6465
2591.20   23.2403   34.0220   39.2851   44.9041   68.7060
2591.40   23.3232   31.8110   40.0606   44.4849   65.2343
2591.60   23.3020   30.3854   41.4905   42.8468   60.5244
2591.80   22.9994   29.9384   43.6959   35.8528   59.0192
2592.00   22.6755   31.4123   45.7558   28.3587   58.9949
2592.20   22.5560   32.4514   45.3196   32.2896   60.4880
2592.40   22.6987   32.6809   44.5683   38.5018   62.2360
2592.60   22.9396   32.3547   44.4714   40.0939   63.3649
2592.80   23.3290   32.0406   44.4714   39.7793   64.2874
2593.00   23.3116   31.4848   44.5683   40.8685   64.3481
2593.20   22.7661   32.1252   44.4714   42.4150   63.2314
2593.40   22.5926   34.3603   44.3744   41.6580   60.9007
2593.60   23.1381   37.6465   44.6653   42.8790   56.4700
2593.80   24.4605   47.9038   45.6831   45.3273   51.9665
2594.00   24.5665   55.9381   48.3490   48.7861   45.7028
2594.20   23.7935   61.3145   55.0621   41.9245   39.2935
2594.40   22.9608   64.3470   62.3569   25.5499   32.5564
2594.60   22.8625   57.6779   69.2639   15.4427   27.3125
2594.80   22.9396   55.4186   77.1887   15.3618   19.6892
2595.00   22.9608   55.8415   84.4350   12.6913   19.5314
2595.20   23.3116   61.2782   88.2642   7.6737    18.6793
2595.40   23.8340   67.4399   88.4580   8.4600    19.2790
2595.60   23.4080   72.0672   88.2399   9.7052    19.2959
2595.80   22.7661   70.4120   89.5486   13.3057   17.8223
2596.00   23.2596   65.1323   91.3662   18.1123   18.4438
2596.20   24.1521   65.4223   92.3841   7.9581    18.4608
2596.40   24.1848   69.9770   89.3063   7.9164    19.8786
2596.60   22.7044   73.3841   84.6289   11.0962   20.7089
2596.80   22.7237   64.1778   80.8240   16.1781   22.9182
2597.00   22.8721   56.6026   79.4426   20.4457   26.2442
2597.20   23.0977   50.9726   78.8367   19.8486   27.8708
2597.40   23.2075   48.2904   79.7092   25.3684   27.5310
2597.60   23.3097   48.0005   82.8840   23.3235   19.4756
2597.80   23.5507   50.0906   87.0282   10.3521   18.4851
2598.00   24.1386   57.2309   91.3420   7.9521    17.9485
2598.20   24.6879   72.0551   92.3599   9.3198    18.7060
2598.40   24.8209   76.3320   92.1902   11.9205   19.9320
2598.60   24.6764   75.1601   92.3599   13.9812   20.2331
2598.80   24.5106   72.4780   93.9109   15.3043   18.1379
2599.00   23.5545   69.4817   96.1163   16.0813   15.6397
2599.20   23.3579   65.6639   99.8485   15.0030   14.0568
2599.40   24.2523   66.0626   104.2351  10.2324   13.4839
2599.60   24.5626   71.0886   108.6459  6.9657    13.3406
2599.80   24.1925   76.0904   108.4762  6.6068    13.5178
2600.00   23.4215   77.9630   106.4405  8.1118    14.3676
2600.20   22.7565   72.6713   104.0897  9.4288    15.3411
2600.40   23.0071   62.4139   103.1930  10.7238   15.3872
2600.60   23.3810   57.5208   103.3384  11.4300   16.1981
2600.80   23.5275   53.9205   104.0654  11.0629   15.7490
2601.00   23.3020   53.4614   105.7134  13.2260   14.2098
2601.20   23.4042   55.6965   109.1063  12.9219   11.5271
2601.40   24.0383   58.2699   118.0248  8.3904    10.9250
2601.60   24.6918   76.1387   127.4765  6.1546    10.2258
2601.80   25.0253   83.3877   133.0264  5.4624    9.2377
2602.00   25.0118   84.7288   137.6553  5.5201    9.0847
2602.20   24.8152   85.6591   141.7267  5.7570    8.7740
2602.40   24.7169   87.9787   144.5138  5.9793    8.8662
2602.60   24.7169   87.9787   146.8888  6.1200    9.1381
2602.80   24.6243   87.0001   148.0521  6.0674    9.1309
2603.00   24.4528   87.9546   148.2218  5.7764    8.9391
2603.20   24.3140   89.7668   148.7065  5.6797    8.9876
2603.40   24.1887   91.0596   149.6031  5.9102    8.9342
2603.60   24.3198   91.7482   151.0573  6.3397    8.5142
2603.80   24.4374   89.3560   152.8022  6.1661    8.4875
2604.00   24.4817   88.3291   154.7410  5.9190    8.3345
2604.20   24.6687   88.3774   154.6925  5.6691    8.3248
2604.40   24.8421   89.1386   152.0267  5.4358    8.2884
2604.60   25.0272   88.8486   150.9603  5.4501    8.2132
2604.80   23.7299   87.4955   146.8403  6.6791    8.4098
2605.00   24.2870   84.5596   144.5865  8.1118    9.0119
2605.20   24.8344   83.0857   146.5980  6.8056    9.5363
2605.40   24.9308   85.3328   147.5674  5.0713    9.7621
2605.60   24.6841   88.3895   145.1197  5.1268    9.3542
2605.80   23.8918   90.5159   143.2536  6.5451    8.8978
2606.00   23.4504   89.7668   143.6898  7.4245    8.9658
2606.20   23.8128   84.6079   144.5380  6.1546    8.8881
2606.40   24.1540   86.4927   144.7077  5.1191    9.0070
2606.60   24.4547   88.3533   143.1808  5.1345    9.8034
2606.80   24.0538   89.5614   139.5214  5.4256    9.9563
2607.00   24.3217   88.3049   134.5774  6.2711    10.9687
2607.20   24.6243   84.2455   130.3363  7.5001    11.4105
2607.40   24.5029   81.0680   125.3681  8.9196    11.0124
2607.60   24.6879   80.4156   119.4305  7.5424    12.1486
2607.80   24.8807   78.4825   115.5529  9.9784    14.3214
2608.00   25.0426   75.3413   113.8564  14.6086   14.2437
2608.20   25.1139   74.3627   108.5974  14.5103   13.3698
2608.40   25.0638   75.1359   111.8449  11.3021   12.0199
2608.60   25.0214   77.5281   118.9215  7.8278    11.1022
2608.80   24.7496   79.2316   125.8043  7.7810    9.9757
2609.00   24.5067   79.1470   131.4026  8.2748    8.7206
2609.20   24.7535   80.3069   137.1705  5.1441    8.6404
2609.40   24.7631   83.5448   141.5329  4.9920    8.8055
2609.60   24.6918   86.3115   145.1681  5.0865    8.3078
2609.80   24.6918   88.4137   147.2281  5.0296    8.5361
2610.00   24.6108   89.8514   148.5853  5.8003    8.4341
2610.20   24.6089   90.5884   149.6759  7.5142    8.4098
2610.40   24.5800   87.1451   150.3544  7.9880    8.6890
2610.60   24.5280   83.1581   151.3481  6.3254    8.9196
2610.80   24.4258   85.1275   152.2205  5.5888    8.9609
2611.00   24.3602   87.1813   149.6031  6.0697    8.9998
2611.20   24.4682   85.0671   146.5011  6.9553    9.8325
2611.40   24.6899   79.3283   144.1260  7.5907    9.9927
2611.60   24.8267   78.4100   142.8658  7.1726    9.1891
2611.80   24.9193   84.1005   143.7140  5.8156    8.5506
2612.00   24.9231   89.0782   144.7561  5.3228    8.0141
2612.20   24.9019   89.2473   145.7740  5.5888    7.6426
2612.40   24.8865   87.7854   146.8161  5.4870    7.6232
2612.60   24.7014   88.7520   147.9794  6.0289    8.2132
2612.80   24.6494   86.5893   149.3850  6.3278    8.4122
2613.00   24.7014   85.5262   151.2269  5.4953    8.0699
2613.20   24.7728   87.6525   152.8506  5.0447    7.7106
2613.40   24.7940   90.1776   154.4502  5.2141    7.7300
2613.60   24.8441   87.8338   155.9285  5.7054    7.6451
2613.80   25.0099   88.0754   157.1160  5.1635    7.4241
2614.00   25.1120   90.1655   157.7946  4.9696    7.4387
2614.20   24.9270   91.9415   157.9158  5.0561    7.3125
2614.40   24.7207   92.0865   158.4247  4.7082    6.9410
2614.60   24.6706   92.1711   157.8915  4.6555    6.6667
2614.80   24.6494   91.6516   156.1466  4.9640    7.2809
2615.00   24.6282   90.8542   153.5292  4.9845    7.7980
2615.20   24.6147   91.2650   150.4998  5.2180    7.8101
2615.40   24.5819   90.8783   146.5011  5.5575    8.3297
2615.60   24.5569   90.2138   140.5150  6.2125    9.1333
2615.80   24.5260   89.8635   134.8925  7.7431    10.2064
2616.00   24.5704   90.3347   130.6028  8.3873    9.3494
2616.20   24.6629   90.2138   127.6946  7.8927    8.9949
2616.40   24.8306   90.2622   129.3669  6.8414    8.6647
2616.60   24.6918   90.9387   134.1654  5.4911    8.4462
2616.80   24.6725   92.1952   139.1578  5.4256    8.2083
2617.00   24.8017   93.2826   141.6298  5.5742    7.9024
2617.20   24.9250   94.2854   143.4232  5.7505    7.8441
2617.40   25.0253   93.8746   144.9258  5.8726    8.1597
2617.60   25.1005   91.8690   146.7919  5.7440    8.2083
2617.80   25.0947   90.3951   149.0457  5.9480    7.9825
2618.00   24.9540   90.7213   151.8085  5.4175    7.7276
2618.20   24.8325   92.7148   154.4259  5.2043    7.4071
2618.40   24.7708   94.3458   156.7040  4.9140    7.0891
2618.60   24.7188   95.1794   158.2308  4.9011    6.9774
2618.80   24.6879   95.3365   160.3393  5.0296    6.9823
2619.00   24.6417   94.7324   162.6659  5.0127    6.1471
2619.20   24.5839   94.5512   164.8712  4.7188    6.1593
2619.40   24.5337   94.7203   167.0524  4.6748    6.7444
2619.60   24.5453   95.3244   168.9912  4.7902    7.0818
2619.80   24.6378   95.2519   170.0333  4.7135    6.9556
2620.00   24.8075   94.7566   170.6877  4.7776    6.7104
2620.20   24.9462   94.4183   169.7667  4.9696    6.9119
2620.40   24.9462   94.4304   168.4338  4.8317    7.1814
2620.60   24.9809   93.9592   167.0282  5.0372    7.0066
2620.80   25.0079   93.5001   165.7922  5.2771    7.0842
2621.00   24.9540   93.5242   164.5320  5.2652    7.2906
2621.20   25.0079   94.0437   163.6110  5.1693    7.6669
2621.40   25.0137   93.4638   162.9082  5.3871    7.5916
2621.60   24.9636   92.8356   163.5868  5.5097    7.3416
2621.80   24.8248   93.0893   165.2590  5.1326    7.5601
2622.00   24.6301   93.7296   164.9682  5.1345    6.9240
2622.20   24.5800   94.3941   165.0894  5.3468    6.6934
2622.40   24.5819   95.0948   166.3981  5.5951    6.4482
2622.60   24.5935   94.5874   168.5550  5.5742    6.9046
2622.80   24.6243   94.6599   171.5601  4.8956    7.1571
2623.00   24.6475   95.6868   174.0079  4.6433    7.0624
2623.20   24.6629   96.5446   174.9288  4.6329    6.6642
2623.40   24.6629   97.1366   173.2324  4.8082    6.7759
2623.60   24.7169   96.5809   172.4568  5.0694    7.3707
2623.80   24.7593   96.0130   170.9058  5.2949    7.2590
2624.00   24.7689   94.7686   169.3547  5.5118    7.0940
2624.20   24.7438   92.8960   167.9491  5.5679    6.5574
2624.40   24.7381   93.1618   167.6583  5.1518    6.7298
2624.60   24.8711   94.5632   167.0766  5.1422    7.0915
2624.80   25.0060   95.7714   165.7437  5.3830    7.4654
2625.00   25.1082   96.1339   164.2169  5.5909    7.8757
2625.20   25.1679   94.0317   162.5447  5.5763    7.9437
2625.40   25.2219   93.3913   161.3329  5.6204    7.5018
2625.60   25.2296   94.0437   161.8419  5.9883    7.2518
2625.80   25.2296   94.8774   163.9019  5.4134    7.2857
2626.00   25.1776   95.2640   166.5435  5.2909    7.4484
2626.20   25.0850   95.1673   169.2336  5.2082    6.6570
2626.40   25.1062   95.4694   171.1481  5.1018    6.5501
2626.60   25.0503   95.8922   172.3841  4.9808    6.4822
2626.80   24.9694   95.5298   173.2566  4.8809    6.4894
2627.00   24.8595   96.0493   172.6992  4.8754    6.6375
2627.20   24.7959   96.2788   171.7056  4.9752    6.9216
2627.40   24.9501   95.9285   169.7183  5.1249    7.4727
2627.60   25.1371   95.1553   167.3917  5.2949    7.6135
2627.80   25.2682   94.2612   165.7679  5.5554    7.6669
2628.00   25.4050   92.9081   164.7986  5.7938    7.9437
2628.20   25.4686   91.2166   163.7564  5.4624    8.0432
2628.40   25.5592   89.1265   162.6901  5.8682    7.6766
2628.60   25.5534   90.0447   161.5268  6.2546    8.1452
2628.80   25.3973   91.0716   159.9758  5.7032    7.8344
2629.00   25.2084   91.8207   159.0306  5.3649    8.3928
2629.20   25.1467   91.4824   158.1339  5.5139    8.1112
2629.40   25.2026   90.5401   157.5038  5.9190    7.6718
2629.60   25.2392   90.4555   156.6556  5.7204    7.9461
2629.80   25.1583   91.0233   157.2857  5.4053    7.8854
2630.00   25.0214   91.4462   157.3584  5.5554    8.0359
2630.20   25.0176   91.1562   156.8252  5.6776    8.1209
2630.40   25.0137   89.7185   155.5165  5.7894    8.5458
2630.60   25.0118   88.5466   153.7716  5.8550    8.9245
2630.80   25.0079   87.9183   150.8634  6.0994    8.7958
2631.00   25.0542   88.0391   147.0827  6.5870    9.1818
2631.20   25.1043   88.9211   143.7140  9.1535    9.8665
2631.40   25.0214   89.8272   139.2548  10.1065   9.6820
2631.60   25.0542   89.4165   134.5532  7.3386    9.3882
2631.80   25.0638   89.8635   139.6910  5.8199    9.1648
2632.00   25.1217   91.6999   141.9449  5.9190    8.6186
2632.20   25.3607   93.0893   143.0597  5.9013    9.0605
2632.40   25.5920   92.7027   146.0164  5.2612    8.9658
2632.60   24.9405   92.7510   147.4220  5.3029    8.7206
2632.80   24.1713   93.6330   146.3314  7.5679    8.7643
2633.00   24.7959   89.0540   146.7919  8.3308    9.7378
2633.20   25.5534   88.5103   148.9973  6.6242    9.4902
2633.40   25.2296   90.2138   150.3787  5.7268    9.1964
2633.60   25.0619   90.4192   149.0700  6.0130    9.4052
2633.80   23.6066   89.0419   144.1503  9.1192    9.1648
2634.00   23.9227   83.2306   139.5698  8.3999    9.8446
2634.20   24.3892   82.8319   148.6095  6.7420    9.5120
2634.40   24.7303   86.4081   149.9909  5.9569    9.2862
2634.60   25.0407   89.5010   150.8876  5.0846    9.0483
2634.80   25.0812   93.1739   149.6759  4.9939    9.0143
2635.00   25.1255   93.6934   147.3493  7.2865    9.6577
2635.20   24.9886   92.2315   146.2587  6.5845    10.1845
2635.40   24.9694   89.8393   145.7013  5.4358    10.5438
2635.60   24.9559   89.0661   142.8900  7.1941    9.0265
2635.80   24.9173   89.5010   135.6922  10.3560   8.9051
2636.00   24.8826   92.9322   130.3605  9.8630    10.1068
2636.20   24.8344   95.5902   136.2254  6.8081    10.3569
2636.40   24.7631   95.0948   142.8416  5.6840    9.4295
2636.60   24.6359   95.5298   143.6413  5.0504    9.5436
2636.80   24.5376   94.0921   144.4168  5.0353    9.7597
2637.00   24.5993   90.2743   145.9436  8.1058    9.7961
2637.20   24.0750   86.5289   143.4474  9.6725    9.6577
2637.40   23.5217   82.9165   141.8722  8.2903    9.8131
2637.60   23.7453   80.4156   145.3620  7.4356    9.6188
2637.80   24.1559   80.9835   146.6465  6.6816    9.6868
2638.00   24.2388   84.0039   146.5253  5.6755    9.7038
2638.20   24.4971   86.8793   143.8110  5.2672    9.1964
2638.40   24.5819   87.5559   142.4780  6.8388    9.6941
2638.60   23.9535   88.9453   140.9512  6.7623    9.7451
2638.80   24.2639   91.5187   130.6513  5.1383    9.7864
2639.00   24.4855   92.0986   122.0963  5.1268    9.8252
2639.20   24.4875   92.9201   115.0924  8.2748    9.7402
2639.40   24.5588   91.9778   112.5719  12.9026   9.7038
2639.60   24.6455   90.5401   111.8691  12.7821   9.7305
2639.80   24.7516   91.5066   106.0285  9.8335    9.8616
2640.00   24.8132   90.1534   102.2236  13.4967   10.0947
2640.20   24.9308   87.5559   107.8219  18.6362   10.1335
2640.40   24.7207   85.2604   115.6013  13.5984   9.8471
2640.60   24.2272   82.3487   127.7673  13.4210   9.9223
2640.80   24.1540   82.8199   136.4677  10.9268   9.7524
2641.00   24.1925   85.1154   142.7689  7.9313    9.9005
2641.20   24.2966   86.3719   148.6822  5.4562    9.8252
2641.40   24.4875   85.5624   151.2027  5.0770    9.7742
2641.60   24.3834   85.1516   152.7295  5.3669    9.8738
2641.80   24.5029   86.6014   155.9770  5.7118    9.9102
2642.00   24.8075   88.5707   156.0255  5.6267    9.9417
2642.20   24.9212   88.2083   155.1288  5.4665    9.7524
2642.40   24.6532   88.3774   156.0012  6.1384    9.8883
2642.60   24.1848   90.3467   157.3341  6.4428    9.8058
2642.80   24.5588   92.1469   156.1709  5.9124    9.8398
2643.00   24.8287   93.5484   154.1351  5.4154    9.9636
2643.20   23.5179   93.9954   153.4565  5.4256    9.3736
2643.40   23.9342   93.8746   154.2321  5.8134    9.5630
2643.60   24.2658   93.7538   156.1951  6.2734    9.7038
2643.80   24.3795   93.9954   155.5650  5.8836    9.8738
2644.00   24.3063   93.9108   157.1887  5.4829    10.0874
